movie_title,cast_1_score,cast_2_score,cast_3_score,cast_score
Avengers: Endgame,295,200,266,761
Pirates of the Caribbean: On Stranger Tides,260,48,0,308
Avengers: Age of Ultron,206,214,179,599
Star Wars Episode VII: The Force Awakens,0,0,0,0
Avengers: Infinity War,292,314,281,887
Pirates of the Caribbean: At World’s End,283,285,176,744
Justice League,218,94,0,312
Spectre,99,115,0,214
Star Wars: The Rise of Skywalker,175,165,100,440
Solo: A Star Wars Story,0,198,143,341
John Carter,0,0,0,0
Batman v Superman: Dawn of Justice,82,126,69,277
Star Wars Episode VIII: The Last Jedi,100,100,0,200
The Lion King,77,0,21,98
Tangled,39,0,0,39
Spider-Man 3,99,47,20,166
Captain America: Civil War,211,203,274,688
Harry Potter and the Half-Blood Prince,99,99,99,297
The Hobbit: The Desolation of Smaug,0,97,0,97
The Hobbit: The Battle of the Five Armies,0,194,0,194
The Fate of the Furious,142,160,211,513
Avatar,0,0,53,53
Superman Returns,0,0,0,0
The Dark Knight Rises,203,18,154,375
Pirates of the Caribbean: Dead Men Tell No Tales,120,37,0,157
Quantum of Solace,97,0,0,97
The Avengers,341,85,196,622
Pirates of the Caribbean: Dead Man’s Chest,326,382,261,969
Man of Steel,69,103,0,172
The Chronicles of Narnia: Prince Caspian,0,98,98,196
The Lone Ranger,341,58,0,399
The Amazing Spider-Man,14,181,0,195
Battleship,0,0,101,101
Transformers: The Last Knight,265,0,0,265
Jurassic World,98,0,0,98
Men in Black 3,0,84,71,155
Transformers: Revenge of the Fallen,310,96,0,406
Transformers: Age of Extinction,227,0,0,227
X-Men: The Last Stand,92,178,96,366
Robin Hood,183,209,0,392
King Kong,85,73,61,219
The Golden Compass,177,97,0,274
Black Panther,137,115,0,252
Incredibles 2,0,0,0,0
Rogue One: A Star Wars Story,39,0,0,39
Finding Dory,0,0,0,0
Toy Story 4,174,0,0,174
Toy Story 3,144,80,0,224
Iron Man 3,348,0,136,484
Guardians of the Galaxy Vol 2,311,173,98,582
Spider-Man 2,161,61,36,258
Alice in Wonderland,0,251,65,316
Skyfall,145,0,0,145
The Hobbit: An Unexpected Journey,0,0,0,0
Monsters University,37,66,0,103
Oz the Great and Powerful,93,0,0,93
X-Men: Days of Future Past,0,0,288,288
The Amazing Spider-Man 2,94,152,146,392
Cars 2,248,0,0,248
Fast & Furious Presents: Hobbs & Shaw,448,216,205,869
Tron: Legacy,109,0,0,109
2012,56,0,0,56
Fantastic Beasts: The Crimes of Grindelwald,93,154,93,340
Terminator Salvation,145,0,0,145
Green Lantern,89,54,0,143
Prince of Persia: Sands of Time,36,0,0,36
Dark Phoenix,154,213,203,570
Transformers: Dark of the Moon,309,0,15,324
The Mummy,218,158,69,445
Jack the Giant Slayer,0,0,65,65
Furious 7,120,97,337,554
Star Trek Into Darkness,106,0,11,117
World War Z,38,0,0,38
The Great Gatsby,281,0,0,281
Disney’s A Christmas Carol,101,0,153,254
Pacific Rim,106,0,0,106
The Good Dinosaur,0,4,0,4
Iron Man,36,0,0,36
The Dark Knight,222,132,42,396
Indiana Jones and the Kingdom of the Crystal Skull,28,86,147,261
Brave,0,0,38,38
Kong: Skull Island,5,393,0,398
Star Trek Beyond,159,87,87,333
Maleficent: Mistress of Evil,0,0,0,0
Blade Runner 2049,59,129,0,188
Terminator: Dark Fate,0,0,0,0
Aladdin,97,0,40,137
Thor: Ragnarok,221,5,0,226
"The Chronicles of Narnia: The Lion, the Witch a…",0,0,0,0
Maleficent,0,79,0,79
Fantastic Beasts and Where to Find Them,39,0,0,39
WALL-E,0,0,0,0
Rush Hour 3,30,0,0,30
The Legend of Tarzan,0,0,0,0
Hugo,0,37,0,37
Valerian and the City of a Thousand Planets,0,105,0,105
Jupiter Ascending,398,88,123,609
Mission: Impossible—Fallout,253,215,0,468
X-Men: Apocalypse,95,98,475,668
The Meg,199,0,0,199
Edge of Tomorrow,238,39,0,277
Captain Marvel,84,202,188,474
The Jungle Book,0,103,223,326
Inside Out,36,0,0,36
Spider-Man: Homecoming,16,45,204,265
Suicide Squad,125,0,57,182
Up,0,0,0,0
Coco,0,0,0,0
Ralph Breaks The Internet,0,0,272,272
Monsters vs. Aliens,62,0,0,62
Cars 3,131,0,0,131
G.I. Joe: The Rise of Cobra,53,49,0,102
The Mummy: Tomb of the Dragon Emperor,0,3,0,3
Evan Almighty,155,88,0,243
King Arthur: Legend of the Sword,5,0,119,124
47 Ronin,0,0,0,0
Jurassic World: Fallen Kingdom,307,0,0,307
Guardians of the Galaxy,0,214,365,579
Iron Man 2,287,0,93,380
Captain America: The Winter Soldier,204,100,138,442
Dawn of the Planet of the Apes,18,0,85,103
The Polar Express,167,0,92,259
Snow White and the Huntsman,285,86,0,371
Terminator 3: Rise of the Machines,105,0,0,105
Van Helsing,227,190,0,417
Dumbo,96,107,0,203
Godzilla: King of the Monsters,0,71,0,71
Tomorrowland,144,0,0,144
Alita: Battle Angel,63,0,0,63
Alice Through the Looking Glass,5,123,70,198
Shrek Forever After,0,108,70,178
Doctor Strange,176,57,58,291
Big Hero 6,0,0,25,25
How to Train Your Dragon,0,321,105,426
Wreck-It Ralph,0,0,0,0
Interstellar,80,84,93,257
Independence Day: Resurgence,0,52,0,52
Cowboys and Aliens,99,104,87,290
Beauty and the Beast,0,79,62,141
Spider-Man: Far From Home,195,202,26,423
Aquaman,87,0,149,236
Shrek the Third,0,114,0,114
Inception,77,79,78,234
The Hunger Games: Mockingjay - Part 2,516,78,0,594
Fast and Furious 6,94,94,214,402
Godzilla,24,0,66,90
X-Men: First Class,86,83,0,169
The Curious Case of Benjamin Button,240,86,98,424
The Sorcerer's Apprentice,258,0,0,258
Poseidon,0,55,66,121
Warcraft,0,0,0,0
The Irishman,19,0,0,19
Deepwater Horizon,344,51,0,395
The Chronicles of Narnia: The Voyage of the Daw…,0,91,91,182
Terminator: Genisys,93,0,0,93
Pacific Rim: Uprising,200,91,0,291
Alexander,161,211,0,372
War for the Planet of the Apes,93,73,0,166
Pearl Harbor,227,0,34,261
Transformers,0,0,0,0
Frozen II,91,0,174,265
Wonder Woman,94,147,0,241
Frozen,0,0,0,0
Zootopia,0,85,176,261
Harry Potter and the Order of the Phoenix,198,198,198,594
Harry Potter and the Goblet of Fire,197,197,197,591
The Matrix Reloaded,116,0,0,116
I am Legend,270,0,0,270
Moana,0,344,0,344
Hancock,274,9,4,287
Charlie and the Chocolate Factory,233,0,0,233
Ratatouille,0,0,0,0
Thor: The Dark World,275,220,186,681
Batman Begins,50,98,95,243
Mission: Impossible—Rogue Nation,222,0,304,526
Dunkirk,0,0,56,56
Thor,0,52,110,162
Madagascar: Escape 2 Africa,149,79,0,228
X-Men Origins: Wolverine,207,0,12,219
Night at the Museum: Battle of the Smithsonian,214,139,93,446
Kung Fu Panda 2,145,197,136,478
Mad Max: Fury Road,50,97,98,245
Pokémon: Detective Pikachu,260,0,26,286
The Matrix Revolutions,116,0,0,116
Ready Player One,0,0,99,99
Chicken Little,0,0,0,0
Mission: Impossible III,272,0,47,319
Angels & Demons,151,0,0,151
Troy,235,87,197,519
The Last Airbender,0,0,0,0
Bee Movie,0,85,41,126
G-Force,0,39,0,39
Bolt,200,0,0,200
Wrath of the Titans,190,101,0,291
Beowulf,0,0,191,191
Dark Shadows,358,48,0,406
White House Down,229,151,0,380
The Wolfman,0,41,0,41
The Great Wall,217,0,52,269
Pan,0,303,0,303
Mars Needs Moms,0,0,0,0
Flushed Away,178,84,192,454
Madagascar 3: Europe's Most Wanted,220,0,74,294
Mission: Impossible—Ghost Protocol,139,56,88,283
How to Train Your Dragon 2,44,33,54,131
Mr. Peabody & Sherman,0,0,0,0
Rise of the Guardians,166,74,46,286
Sahara,50,0,0,50
Ghostbusters,208,0,0,208
Die Another Day,163,0,0,163
Pirates of the Caribbean: The Curse of the Blac…,203,0,0,203
Star Trek,0,0,35,35
Men in Black 2,196,155,0,351
Captain America: The First Avenger,14,0,0,14
Kung Fu Panda 3,53,0,0,53
G.I. Joe: Retaliation,214,229,15,458
The Last Samurai,272,0,0,272
Fun With Dick And Jane,206,0,0,206
Exodus: Gods and Kings,194,81,208,483
The BFG,0,0,15,15
Gemini Man,97,20,0,117
Gods of Egypt,0,0,54,54
Spider-Man,57,56,0,113
Watchmen,0,0,0,0
Stealth,0,0,138,138
The Incredible Hulk,0,0,0,0
Hulk,0,0,0,0
Final Fantasy: The Spirits Within,0,0,0,0
"The Twilight Saga: Breaking Dawn, Part 2",285,326,373,984
The Croods,179,151,140,470
The Revenant,250,50,149,449
Rango,260,54,3,317
Master and Commander: The Far Side of the World,226,0,0,226
Turbo,151,0,81,232
Teenage Mutant Ninja Turtles: Out of the Shadows,0,0,0,0
Happy Feet Two,0,127,0,127
Miami Vice,226,167,0,393
The Nutcracker and the Four Realms,0,6,156,162
War of the Worlds,266,61,66,393
Penguins of Madagascar,0,0,0,0
The Hunger Games: Catching Fire,242,78,0,320
Harry Potter and the Prisoner of Azkaban,199,199,199,597
The Bourne Ultimatum,362,0,0,362
Ant-Man and the Wasp,87,87,93,267
Kung Fu Panda,123,0,94,217
Ant-Man,77,37,0,114
Home,0,77,0,77
Mary Poppins Returns,108,0,0,108
Puss in Boots,0,0,156,156
Megamind,129,92,314,535
Bad Boys II,167,92,56,315
Rio 2,89,84,0,173
Salt,46,0,0,46
Noah,84,0,255,339
The Adventures of Tintin,0,15,99,114
After Earth,86,0,91,177
Australia,224,139,0,363
R.I.P.D.,151,158,0,309
How to Train Your Dragon: The Hidden World,0,0,0,0
"The Twilight Saga: Breaking Dawn, Part 1",277,281,343,901
Dinosaur,0,0,0,0
Logan,176,95,0,271
Night at the Museum: Secret of the Tomb,112,0,141,253
Harry Potter and the Deathly Hallows: Part II,197,197,197,591
The Hunger Games: Mockingjay - Part 1,407,78,0,485
Harry Potter and the Sorcerer’s Stone,0,0,0,0
Jumanji: The Next Level,448,139,222,809
Harry Potter and the Deathly Hallows: Part I,198,198,198,594
The Da Vinci Code,202,0,0,202
X-Men 2,130,227,95,452
Fast Five,103,84,87,274
Teenage Mutant Ninja Turtles,0,0,70,70
Sherlock Holmes: A Game of Shadows,410,107,0,517
The Day After Tomorrow,49,0,0,49
The Boss Baby,0,0,0,0
Clash of the Titans,100,74,143,317
Trolls,74,0,0,74
Prometheus,159,0,166,325
The Bourne Legacy,153,37,0,190
Skyscraper,387,0,0,387
Total Recall,84,0,0,84
Assassin’s Creed,98,0,0,98
Monster Trucks,0,30,0,30
How the Grinch Stole Christmas,0,0,0,0
Mission: Impossible 2,0,0,0,0
The Perfect Storm,0,0,0,0
Jason Bourne,217,0,67,284
Fantastic Four: Rise of the Silver Surfer,166,161,17,344
Life of Pi,0,0,0,0
Ghost Rider,181,0,0,181
Rampage,387,6,0,393
Charlie's Angels: Full Throttle,96,0,199,295
Elysium,267,0,0,267
Oblivion,234,92,0,326
Power Rangers,0,0,0,0
Stuart Little 2,0,0,0,0
RoboCop,3,18,0,21
The Chronicles of Riddick,174,0,0,174
The Fantastic Four,0,0,38,38
Speed Racer,2,0,0,2
The Island,53,153,0,206
How Do You Know?,62,71,168,301
Knight and Day,78,108,0,186
Venom,169,81,99,349
Star Wars Episode III: Revenge of the Sith,97,152,153,402
Star Wars Episode II: Attack of the Clones,0,120,177,297
"Monsters, Inc.",78,79,0,157
The Wolverine,164,0,0,164
The Huntsman: Winter’s War,232,53,96,381
Windtalkers,253,0,0,253
Astérix aux Jeux Olympiques,0,0,0,0
Gulliver's Travels,75,0,35,110
Ferdinand,0,85,87,172
Deadpool 2,168,13,0,181
Gravity,0,93,0,93
Night at the Museum,302,73,0,375
Mr. and Mrs. Smith,184,164,0,348
San Andreas,337,0,60,397
The Smurfs,89,0,0,89
Live Free or Die Hard,117,68,0,185
The Divergent Series: Insurgent,147,74,73,294
Ocean's Twelve,151,235,204,590
The Patriot,0,0,0,0
300: Rise of an Empire,0,69,22,91
The Aviator,166,48,190,404
Passengers,475,197,0,672
The Green Hornet,61,0,83,144
Miss Peregrine’s Home for Peculiar Children,75,45,325,445
Real Steel,154,0,0,154
Men in Black: International,301,93,0,394
The A-Team,74,155,73,302
The Smurfs 2,0,0,0,0
The Divergent Series: Allegiant,222,148,50,420
The Taking of Pelham 123,240,155,0,395
Ender's Game,68,64,71,203
Home on the Range,0,130,0,130
Kingdom of Heaven,290,0,88,378
Ghost in the Shell,374,0,0,374
Around the World in 80 Days,186,0,0,186
Dr. Seuss’ The Cat in the Hat,88,0,0,88
Ali,188,65,43,296
The Martian,125,91,0,216
Allied,197,0,21,218
"I, Robot",242,0,0,242
The Princess and the Frog,0,0,0,0
"10,000 B.C.",15,33,0,48
Ice Age: Collision Course,0,0,0,0
Town & Country,22,29,0,51
Kingsman: The Golden Circle,83,141,83,307
Gone in 60 Seconds,0,0,0,0
Gladiator,0,0,0,0
The Hangover 3,340,189,93,622
A Wrinkle in Time,0,0,0,0
Public Enemies,145,265,0,410
Casino Royale,0,84,0,84
Minority Report,287,0,0,287
Bumblebee,51,0,0,51
Cloud Atlas,93,48,29,170
Harry Potter and the Chamber of Secrets,100,100,100,300
Planet of the Apes,86,0,0,86
National Treasure,103,0,0,103
Django Unchained,122,126,196,444
1917,0,0,0,0
Little Fockers,207,0,85,292
American Gangster,259,54,0,313
Cloudy with a Chance of Meatballs,97,0,0,97
The Other Guys,129,173,0,302
Lemony Snicket's A Series of Unfortunate Events,113,207,53,373
The Wolf of Wall Street,281,98,0,379
Epic,198,78,0,276
The Emperor's New Groove,0,0,0,0
The Expendables 2,73,0,73,146
Where the Wild Things Are,0,0,66,66
Eragon,0,0,0,0
Hercules,365,107,98,570
The Tourist,251,46,15,312
Spies in Disguise,0,0,0,0
The Stepford Wives,285,0,0,285
Surf’s Up,0,0,16,16
Blood Diamond,78,0,4,82
Midway,0,167,275,442
Legend of the Guardians: The Owls of Ga'Hoole,55,0,0,55
Land of the Lost,181,38,0,219
Peter Pan,0,0,0,0
Wonder Park,0,0,0,0
Catwoman,157,0,0,157
The Expendables 3,111,99,94,304
Treasure Planet,0,0,0,0
Green Zone,229,0,0,229
Geostorm,92,0,0,92
Point Break,0,0,0,0
Cats,0,154,0,154
In the Heart of the Sea,308,0,0,308
Transcendence,237,0,276,513
Son of the Mask,0,0,0,0
Mortal Engines,0,0,0,0
The Adventures of Pluto Nash,269,0,0,269
Jin líng shí san chai,203,0,0,203
The Peanuts Movie,0,0,0,0
The LEGO Movie 2: The Second Part,406,0,66,472
The Mummy Returns,161,95,0,256
Ford v. Ferrari,156,0,0,156
Gangs of New York,17,154,0,171
Alien: Covenant,247,93,0,340
Cinderella,0,33,0,33
Ice Age: Continental Drift,0,0,0,0
Black Hawk Down,34,100,99,233
Sex and the City 2,119,90,153,362
Percy Jackson & the Olympians: The Lightning Thief,0,0,89,89
The Campaign,159,249,94,502
Unstoppable,142,88,0,230
The Road to El Dorado,0,0,0,0
The Lovely Bones,8,140,0,148
Ben-Hur,0,0,75,75
Seventh Son,0,46,13,59
Finding Nemo,0,0,0,0
The Lord of the Rings: The Return of the King,199,199,291,689
The Lord of the Rings: The Two Towers,99,191,99,389
Lara Croft: Tomb Raider,198,43,0,241
Kingsman: The Secret Service,0,0,194,194
The Lord of the Rings: The Fellowship of the Ring,34,92,0,126
Jurassic Park III,0,27,68,95
Rise of the Planet of the Apes,44,15,87,146
The Spiderwick Chronicles,106,0,13,119
The Incredibles,0,122,0,122
A Good Day to Die Hard,124,0,0,124
The Alamo,49,80,0,129
The Secret Life of Walter Mitty,134,81,0,215
Jumanji: Welcome to the Jungle,211,0,185,396
Rush Hour 2,159,87,0,246
Sherlock Holmes,194,82,0,276
Ice Age: Dawn of the Dinosaurs,0,0,0,0
Spider-Man: Into The Spider-Verse 3D,0,0,51,51
What Lies Beneath,0,0,0,0
Rio,110,227,66,403
Once Upon a Time…in Hollywood,0,29,168,197
The Departed,78,258,170,506
Charlie's Angels,0,0,0,0
Tropic Thunder,149,123,36,308
The Girl with the Dragon Tattoo,99,0,14,113
You Don't Mess With the Zohan,236,0,0,236
The Magnificent Seven,102,197,22,321
Alvin and the Chipmunks: The Road Chip,0,0,0,0
Atlantis: The Lost Empire,0,0,0,0
Valkyrie,201,100,0,301
Pixels,108,76,0,184
Artificial Intelligence: AI,131,71,0,202
The Haunted Mansion,230,0,0,230
Hollow Man,0,0,0,0
The Interpreter,166,66,0,232
Percy Jackson: Sea of Monsters,111,0,19,130
Lara Croft: Tomb Raider: The Cradle of Life,171,5,0,176
Now You See Me 2,79,194,115,388
Spy Game,79,153,0,232
Mission to Mars,0,0,0,0
Tomb Raider,116,0,51,167
King Arthur,0,0,227,227
K-19: The Widowmaker,139,0,0,139
Conan the Barbarian,0,57,0,57
The Three Musketeers,68,0,0,68
The Promise,0,19,115,134
The Nutcracker in 3D,0,0,0,0
Cinderella Man,82,246,0,328
The Predator,0,0,72,72
Fantastic Four,76,0,17,93
Hannibal,114,75,74,263
Seabiscuit,98,0,0,98
Cast Away,0,0,0,0
Happy Feet,0,0,178,178
Ocean's Eleven,337,153,349,839
The Bourne Supremacy,203,82,0,285
Fast & Furious,19,54,0,73
Horton Hears a Who,111,206,0,317
Divergent,0,0,42,42
Hotel Transylvania,222,210,0,432
Shazam!,0,78,0,78
Enchanted,0,57,0,57
Safe House,171,169,0,340
I Now Pronounce You Chuck and Larry,251,0,29,280
Ocean's Thirteen,134,339,362,835
It’s Complicated,203,70,0,273
Open Season,91,91,0,182
Tower Heist,3,234,0,237
102 Dalmatians,0,0,0,0
Mirror Mirror,0,161,0,161
The Holiday,84,116,136,336
The Fast and the Furious: Tokyo Drift,18,0,0,18
Memoirs of a Geisha,0,95,0,95
Enemy at the Gates,71,0,91,162
The Rundown,71,194,0,265
Arthur Christmas,86,0,32,118
xXx: Return of Xander Cage,142,151,0,293
Cats & Dogs: The Revenge of Kitty Galore,0,0,0,0
Collateral Damage,142,0,0,142
Showtime,329,269,81,679
Zodiac,124,0,85,209
Scott Pilgrim vs. The World,79,0,0,79
The Core,0,0,4,4
The Greatest Showman,176,1,112,289
Scooby-Doo,42,49,55,146
Nutty Professor II: The Klumps,0,0,0,0
RED 2,124,62,62,248
Click,247,123,41,411
Charlotte\'s Web,121,207,0,328
Jumper,99,94,0,193
Hellboy II: The Golden Army,0,0,0,0
The Longest Yard,241,0,40,281
The Expendables,45,80,139,264
The 6th Day,0,0,0,0
Bruce Almighty,185,0,177,362
The Hunger Games,83,0,0,83
The Hangover Part II,281,156,91,528
The Lego Batman Movie,66,0,0,66
Hotel Transylvania 2,108,0,0,108
The Secret Life of Pets 2,0,222,65,287
Over the Hedge,140,0,112,252
Lilo & Stitch,0,0,0,0
Grown Ups 2,199,154,97,450
Alvin and the Chipmunks: Chipwrecked,64,0,0,64
Get Smart,206,89,43,338
Robots,153,191,0,344
Shutter Island,77,0,36,113
Something's Gotta Give,64,29,116,209
Four Christmases,127,218,0,345
Bedtime Stories,236,0,0,236
Road to Perdition,186,0,0,186
Just Go With It,233,190,0,423
Daredevil,256,0,2,258
Eagle Eye,147,53,71,271
Yogi Bear,0,0,21,21
Cold Mountain,135,213,175,523
The Book of Eli,142,0,0,142
Fury,130,99,103,332
Smallfoot,179,0,175,354
The Pink Panther,228,0,0,228
Zookeeper,139,0,0,139
The Day the Earth Stood Still,136,79,0,215
Spirit: Stallion of the Cimarron,231,0,0,231
Swordfish,153,92,0,245
The Manchurian Candidate,134,0,53,187
Déjà Vu,117,0,0,117
Bewitched,166,158,0,324
The Good Shepherd,258,258,94,610
The Time Machine,21,0,35,56
Ad Astra,29,34,0,63
The Legend of Zorro,185,235,0,420
Little Nicky,0,0,0,0
Surrogates,114,0,0,114
Evolution,80,28,75,183
The Brothers Grimm,285,0,38,323
The Wild,0,0,0,0
Walking with Dinosaurs,0,0,0,0
Thirteen Days,0,0,0,0
The Last Witch Hunter,120,0,0,120
Pompeii,0,25,0,25
Battlefield Earth: A Saga of the Year 3000,0,0,0,0
Looney Tunes: Back in Action,149,22,0,171
Nine,27,40,39,106
Timeline,82,5,0,87
Oceans,96,0,0,96
Red Planet,0,0,0,0
Arthur et les Minimoys,93,0,0,93
The Invasion,177,97,0,274
A Sound of Thunder,0,0,0,0
The Aeronauts,160,184,0,344
Journey 2: The Mysterious Island,0,181,0,181
Jack and Jill,233,0,27,260
A Beautiful Mind,183,0,0,183
Cloudy with a Chance of Meatballs 2,0,0,0,0
Red Dragon,118,153,0,271
Hidalgo,299,0,0,299
The League of Extraordinary Gentlemen,50,0,0,50
Exorcist: The Beginning,0,0,0,0
Astérix et Obélix: Au service de Sa Majesté,0,0,0,0
The Little Prince,46,0,81,127
Renegades,0,75,0,75
The Equalizer 2,45,74,0,119
Despicable Me 2,129,81,0,210
2 Fast 2 Furious,82,0,0,82
Children of Men,56,217,0,273
The Adventures of Rocky & Bullwinkle,0,0,0,0
The Secret Life of Pets,0,0,92,92
Dr. Seuss’ The Grinch,115,0,0,115
Sing,91,0,15,106
Despicable Me 3,71,62,0,133
Ice Age: The Meltdown,0,1,0,1
Madagascar,40,302,0,342
Grown Ups,232,0,138,370
Shark Tale,242,166,247,655
X-Men,0,0,0,0
Wanted,94,55,77,226
50 First Dates,153,91,52,296
Mamma Mia: Here We Go Again!,149,0,49,198
Hairspray,105,24,0,129
Now You See Me,79,0,100,179
Dreamgirls,0,167,135,302
Christopher Robin,0,0,0,0
Immortals,0,167,0,167
The Terminal,167,217,0,384
Constantine,281,0,0,281
Monster House,0,0,0,0
Vertical Limit,0,0,0,0
Charlie Wilson’s War,301,146,5,452
Abominable,0,0,0,0
Be Cool,64,140,113,317
Munich,180,0,0,180
Killers,203,69,0,272
The Man From U.N.C.L.E.,92,128,33,253
Tears of the Sun,235,0,0,235
Lady in the Water,51,84,0,135
Spanglish,153,92,0,245
Bandits,493,0,63,556
Sucker Punch,0,81,0,81
Hostage,40,0,0,40
Inferno,158,39,0,197
Hollywood Homicide,127,219,39,385
Titan A.E.,0,0,0,0
Flight of the Phoenix,49,0,0,49
Monkeybone,161,24,49,234
PLAYMOBIL,0,0,40,40
Minions,158,0,27,185
The SpongeBob Movie: Sponge Out of Water,0,59,0,59
Unbreakable,0,0,0,0
Talladega Nights: The Ballad of Ricky Bobby,232,0,0,232
The Angry Birds Movie,102,79,44,225
The Simpsons Movie,0,0,0,0
Fool’s Gold,56,60,0,116
Funny People,293,114,0,407
The Kingdom,308,0,57,365
Dr. Dolittle 2,286,0,0,286
Jarhead,0,138,18,156
Driven,0,0,0,0
The Majestic,295,0,0,295
Two Brothers,75,0,0,75
The Village,60,0,0,60
Signs,256,0,0,256
Shrek 2,147,289,194,630
Cars,157,79,0,236
Alvin and the Chipmunks: The Squeakquel,87,0,0,87
It: Chapter Two,46,154,0,200
xXx,112,0,0,112
Ocean’s 8,0,93,128,221
Inglourious Basterds,292,0,0,292
S.W.A.T.,234,2,158,394
Daddy’s Home 2,104,265,59,428
Vanilla Sky,206,0,258,464
Olympus Has Fallen,48,72,92,212
Battle: Los Angeles,0,0,0,0
AVP: Alien Vs. Predator,16,0,0,16
War Horse,0,0,0,0
We Were Soldiers,256,0,19,275
The Monuments Men,170,193,4,367
Storks,0,0,59,59
Big Fish,174,0,0,174
Underworld: Awakening,0,20,0,20
The Lego Ninjago Movie,92,80,0,172
Dracula Untold,112,0,0,112
The Guardian,64,91,0,155
Wall Street 2: Money Never Sleeps,407,0,0,407
The Dilemma,125,139,0,264
Rumor Has It,71,0,0,71
Stardust,0,0,0,0
Rock of Ages,0,0,169,169
Sky Captain and the World of Tomorrow,91,207,152,450
The Brave One,163,0,0,163
I Spy,269,47,0,316
Bad Company,118,96,0,214
Doom,0,0,113,113
The Finest Hours,159,0,0,159
Escape Plan,149,0,0,149
Killer Elite,153,37,107,297
Hart's War,345,0,0,345
Rollerball,173,0,65,238
The Legend of Hercules,69,0,0,69
Next,181,56,29,266
Ballistic: Ecks vs. Sever,126,0,0,126
Osmosis Jones,97,35,0,132
Legends of Oz: Dorothy’s Return,48,0,0,48
Blackhat,308,45,0,353
Basic Instinct 2,0,0,0,0
Agora,45,0,0,45
Despicable Me,160,35,0,195
Dinner for Schmucks,160,71,0,231
Red Sparrow,274,25,0,299
The Twilight Saga: Eclipse,182,182,182,546
The Sum of All Fears,237,64,0,301
Ted 2,327,15,99,441
The Score,291,88,0,379
Hall Pass,248,0,0,248
Dreamcatcher,177,0,15,192
Downsizing,299,30,0,329
Dr. Seuss’ The Lorax,107,66,0,173
Body of Lies,162,158,0,320
Abraham Lincoln: Vampire Hunter,0,0,0,0
The Last Legion,57,0,0,57
The Dark Tower,75,91,0,166
Need for Speed,0,0,0,0
What Women Want,0,0,0,0
Lincoln,9,0,0,9
Ice Age,0,0,0,0
Hotel Transylvania 3: Summer Vacation,70,0,0,70
Les Misérables,166,128,154,448
The Santa Clause 2,59,0,0,59
Unbroken,0,0,21,21
Spy!,141,124,60,325
Due Date,287,91,158,536
Step Brothers,206,0,0,206
Space Cowboys,0,0,0,0
Annie,0,100,146,246
Pete’s Dragon,0,94,0,94
World Trade Center,130,0,0,130
The Kid,0,0,0,0
Mona Lisa Smile,231,56,0,287
The Dictator,122,0,0,122
This Means War,37,144,18,199
Focus,159,0,75,234
Blade: Trinity,69,0,0,69
Red Dawn,86,69,0,155
We Are Marshall,0,0,0,0
Everest,0,0,0,0
Resident Evil: Retribution,121,0,72,193
The Angry Birds Movie 2,0,174,62,236
Death Race,37,0,42,79
Proof of Life,0,0,0,0
Zathura,0,0,23,23
The Missing,213,48,0,261
Elektra,121,0,0,121
Astro Boy,72,264,40,376
"I, Frankenstein",126,44,0,170
Underwater,0,0,0,0
Sin City: A Dame to Kill For,69,16,126,211
Live by Night,82,0,0,82
Lucky Numbers,0,0,0,0
Oliver Twist,0,0,0,0
Tian jiang xiong shi,74,0,52,126
Air Strike,0,0,0,0
Little Man,52,85,0,137
Perfume: The Story of a Murderer,0,94,88,182
Austin Powers in Goldmember,91,0,54,145
Hop,34,56,0,90
American Assassin,0,45,0,45
U-571,0,0,0,0
The Hateful Eight,194,0,0,194
The Love Guru,0,251,0,251
3000 Miles to Graceland,0,118,75,193
Gone Girl,66,74,0,140
Blades of Glory,181,16,0,197
Maze Runner: The Scorch Trials,0,77,77,154
2 Guns,226,221,97,544
Maze Runner: The Death Cure,0,76,76,152
A Dog’s Way Home,0,0,0,0
Mei Ren Yu,54,62,0,116
Meet the Fockers,83,166,0,249
The Lego Movie,0,84,23,107
300,66,55,0,121
Wild Hogs,122,0,105,227
Marley & Me,148,134,0,282
Sully,158,58,0,216
The Bourne Identity,5,231,0,236
Couples Retreat,192,56,0,248
The Italian Job,70,91,168,329
Daddy Day Care,230,0,47,277
Collateral,267,0,0,267
Cats & Dogs,0,96,0,96
Two Weeks Notice,179,94,0,273
The Scorpion King,0,0,141,141
Red,151,46,126,323
Starsky & Hutch,83,78,0,161
Cheaper by the Dozen 2,163,79,144,386
Eat Pray Love,82,107,0,189
Jack Reacher,169,0,0,169
Man on Fire,134,0,0,134
The Family Man,0,0,0,0
Contagion,202,73,107,382
Coraline,65,0,0,65
Ladder 49,0,102,0,102
Michael Jackson's This Is It,0,0,0,0
Kangaroo Jack,44,62,0,106
The Happening,91,0,1,92
London Has Fallen,54,58,246,358
Rules of Engagement,0,0,0,0
The Shaggy Dog,42,0,0,42
Hellboy,0,0,0,0
Jack Reacher: Never Go Back,250,0,62,312
Baywatch,211,112,0,323
Joy,516,52,306,874
ParaNorman,0,61,37,98
Paycheck,256,0,0,256
The Tale of Despereaux,0,199,17,216
The Boxtrolls,208,89,34,331
The Tuxedo,135,31,0,166
Jack Ryan: Shadow Recruit,137,0,8,145
Miss Congeniality 2: Armed and Fabulous,149,0,0,149
Vice,45,151,45,241
Shooter,46,72,0,118
Gangster Squad,2,78,140,220
Smurfs: The Lost Village,0,0,41,41
First Man,194,0,150,344
Year One,188,69,0,257
Edge of Darkness,0,99,0,99
Star Trek: Nemesis,92,0,0,92
Reign of Fire,30,9,0,39
Planet 51,63,36,23,122
Duplicity,52,99,0,151
Righteous Kill,58,85,0,143
Invictus,74,304,0,378
State of Play,152,0,4,156
The Sentinel,0,0,17,17
Trouble with the Curve,0,249,0,249
Intolerable Cruelty,238,162,48,448
Almost Famous,0,0,0,0
Cold Pursuit,42,0,0,42
Analyze That,329,249,29,607
The Soloist,179,194,0,373
The Mortal Instruments: City of Bones,58,0,0,58
The Legend of Bagger Vance,0,0,0,0
Dragonfly,118,0,0,118
Priest,30,0,0,30
Garfield: A Tail of Two Kitties,77,77,0,154
XXX: State of the Union,78,122,0,200
Sinbad: Legend of the Seven Seas,287,162,58,507
Dark Water,0,0,0,0
The Black Dahlia,11,30,128,169
The Spirit,0,94,120,214
The Last Castle,79,0,0,79
Inkheart,165,0,0,165
Supernova,0,0,0,0
Flyboys,0,0,0,0
Winter’s Tale,134,0,84,218
Meet Dave,67,0,0,67
The Great Raid,0,0,0,0
Rock Dog,0,0,0,0
Mortdecai,167,99,113,379
In the Name of the King: A Dungeon Siege Tale,37,0,4,41
Beyond Borders,0,171,0,171
Xi You Ji zhi Sun Wu Kong San Da Bai Gu Jing,0,0,0,0
The Informer,91,0,0,91
Sherlock Gnomes,256,154,108,518
The Kid Who Would Be King,0,0,0,0
Deadpool,13,0,0,13
American Sniper,365,0,0,365
Goosebumps,0,0,0,0
Red Tails,0,0,0,0
Just Like Heaven,132,0,0,132
The Internship,13,162,81,256
The Flintstones in Viva Rock Vegas,0,0,0,0
Leatherheads,172,0,21,193
Life,85,0,92,177
Did You Hear About the Morgans?,62,146,0,208
"Che, Part 1: The Argentine",0,0,0,0
Sex and the City,56,0,0,56
Resident Evil: Afterlife,64,0,0,64
That’s My Boy,222,0,0,222
Ghost Rider: Spirit of Vengeance,197,0,106,303
After the Sunset,95,46,0,141
Captain Corelli's Mandolin,366,0,0,366
Into the Woods,58,76,137,271
Anger Management,64,106,0,170
The Pacifier,141,0,0,141
Walking Tall,106,0,0,106
Zhuo yao ji,0,0,0,0
Joker,0,19,92,111
Alvin and the Chipmunks,0,0,0,0
Bohemian Rhapsody,0,0,0,0
Hitch,277,16,0,293
Meet the Parents,0,0,0,0
The Pursuit of Happyness,273,0,0,273
Fifty Shades Darker,131,90,0,221
Captain Phillips,42,0,0,42
American Wedding,87,87,194,368
Murder on the Orient Express,0,0,126,126
The Equalizer,161,0,149,310
Fifty Shades Freed,207,166,0,373
Date Night,160,12,173,345
Maid in Manhattan,117,0,0,117
Flightplan,79,0,0,79
Paddington,0,0,88,88
R.V.,0,0,0,0
Kill Bill: Volume 1,0,0,0,0
Mr. Poppers's Penguins,72,67,0,139
Kill Bill: Volume 2,75,0,0,75
Shanghai Noon,0,0,0,0
Free Birds,0,162,0,162
The Forbidden Kingdom,81,3,33,117
The Phantom of the Opera,0,0,0,0
Muppets Most Wanted,0,0,0,0
Kubo and the Two Strings,96,0,91,187
Burlesque,0,0,0,0
Changeling,94,0,0,94
The Watch,220,73,57,350
The Hunted,213,0,62,275
Stuck On You,207,19,0,226
Semi-Pro,206,0,0,206
Annihilation,0,51,93,144
Crimson Peak,0,91,191,282
The Pirates! Band of Misfits,29,0,0,29
Aeon Flux,74,0,0,74
Elizabeth: The Golden Age,139,316,0,455
Imagine That,70,0,0,70
Gods and Generals,0,0,0,0
Bullet to the Head,149,5,0,154
All the King's Men,140,136,84,360
Thunderbirds,0,0,0,0
Un long dimanche de fiançailles,0,0,79,79
Lucky You,156,81,12,249
Eye See You,28,0,0,28
Blade 2,18,0,0,18
"You, Me and Dupree",10,157,0,167
Seven Pounds,274,71,0,345
Elizabethtown,290,94,66,450
Gigli,256,206,0,462
Shaft,0,0,0,0
The Dukes of Hazzard,85,0,0,85
Law Abiding Citizen,194,179,0,373
Black Mass,167,151,0,318
Moulin Rouge,122,100,0,222
Domestic Disturbance,153,0,0,153
Flags of Our Fathers,0,0,0,0
Grindhouse,134,0,0,134
Zero Dark Thirty,2,0,0,2
Catch Me if You Can,17,186,0,203
Mamma Mia!,124,0,0,124
The Break-Up,122,264,0,386
Valentine's Day,82,94,122,298
The Change-Up,63,89,87,239
From Paris With Love,253,0,0,253
Bulletproof Monk,83,194,0,277
"Me, Myself & Irene",0,0,0,0
Barnyard: The Original Party Animals,0,0,48,48
Alpha,0,0,0,0
Deck the Halls,41,0,0,41
The Adjustment Bureau,202,52,0,254
The Twilight Saga: New Moon,88,88,88,264
Shrek,91,286,258,635
Ted,141,47,0,188
22 Jump Street,322,108,0,430
Daddy’s Home,84,327,0,411
Central Intelligence,344,92,0,436
Anchorman 2: The Legend Continues,171,0,54,225
Super 8,0,0,0,0
Mr. Deeds,118,95,49,262
Erin Brockovich,0,0,0,0
Creed II,115,59,93,267
Peter Rabbit,0,0,100,100
How to Lose a Guy in 10 Days,25,50,0,75
The Mule,0,0,0,0
Yes Man,111,0,0,111
Non-Stop,286,46,0,332
Disney Planes,0,0,0,0
Failure to Launch,0,0,0,0
Inside Man,117,217,83,417
The Emoji Movie,23,0,0,23
"Crazy, Stupid, Love",156,0,0,156
The Post,61,179,0,240
Knowing,264,0,12,276
The Ring Two,85,0,0,85
We Bought a Zoo,202,223,0,425
Moneyball,229,0,57,286
Garfield: The Movie,54,88,0,142
Christmas with the Kranks,74,76,0,150
V for Vendetta,0,154,0,154
Race to Witch Mountain,63,0,59,122
The Forgotten,112,0,0,112
Herbie: Fully Loaded,128,0,0,128
Shanghai Knights,192,78,0,270
Planes: Fire and Rescue,0,20,0,20
Curious George,232,165,85,482
American Reunion,0,0,0,0
Hansel & Gretel: Witch Hunters,323,85,0,408
I am Number Four,0,3,0,3
Don’t Say a Word,140,57,0,197
13 Hours: The Secret Soldiers of Benghazi,0,0,0,0
Unfaithful,147,129,0,276
American Made,218,0,0,218
Syriana,146,285,126,557
Resident Evil: Apocalypse,56,0,0,56
The Book of Life,0,98,322,420
Firewall,11,0,84,95
Into the Storm,0,0,0,0
The Judge,288,0,78,366
Silent Hill,0,0,0,0
Rambo: Last Blood,59,0,0,59
The Replacements,0,0,0,0
War Dogs,120,56,0,176
Out of Time,190,0,0,190
Bridget Jones: The Edge Of Reason,247,88,168,503
The Beach,0,0,0,0
The Adventures of Sharkboy and Lavagirl in 3-D,0,0,0,0
Ninja Assassin,0,0,13,13
Raising Helen,0,92,0,92
The Nice Guys,78,80,0,158
Marmaduke,168,56,0,224
Hereafter,229,0,0,229
Murder by Numbers,179,0,0,179
Hostiles,0,82,0,82
Zoolander 2,137,190,3,330
Defiance,191,0,0,191
Hannibal Rising,0,0,24,24
The Host,8,0,0,8
Basic,98,234,62,394
Run All Night,323,20,65,408
Blood Work,70,31,47,148
The International,99,1,0,100
Twisted,54,122,96,272
All the Money in the World,1,0,265,266
The Life Aquatic with Steve Zissou,100,78,47,225
Your Highness,38,110,44,192
Snowden,56,147,0,203
Dream House,99,45,7,151
Free State of Jones,91,0,0,91
Gamer,194,0,0,194
Man of the House,96,0,0,96
The Life of David Gale,32,0,0,32
Beautiful Creatures,0,71,38,109
Into the Blue,86,0,0,86
Eastern Promises,0,71,0,71
Drive Angry,170,0,0,170
Domino,303,0,0,303
Street Fighter: The Legend of Chun-Li,0,0,0,0
Death to Smoochy,56,153,0,209
Early Man,93,182,0,275
The Boat That Rocked,59,100,35,194
The Big Bounce,78,208,0,286
What Planet Are You From?,0,0,0,0
Liu Lang Di Qiu,0,0,0,0
Arctic Dogs,162,0,26,188
Child 44,50,0,83,133
Outlander,0,0,57,57
Upside Down,0,0,0,0
Shanghai,108,0,0,108
Dora and the Lost City of Gold,0,75,96,171
The One,58,0,0,58
Chappie,0,44,303,347
Anna Karenina,0,302,37,339
The Ring,0,0,0,0
Traffic,0,0,0,0
Panic Room,33,0,0,33
Taken 3,323,56,80,459
Zombieland: Double Tap,275,73,84,432
Instant Family,297,21,0,318
Tooth Fairy,108,0,0,108
Rat Race,0,43,0,43
3:10 to Yuma,54,222,0,276
K-PAX,162,43,0,205
Kate and Leopold,239,92,0,331
Bedazzled,0,0,0,0
Charlie’s Angels,0,40,0,40
Rambo,68,0,0,68
The Infiltrator,0,0,0,0
Arrival,69,229,56,354
Earth,0,94,0,94
Riding in Cars with Boys,257,0,0,257
Happily N'Ever After,0,147,0,147
Solaris,306,0,0,306
Jonah Hex,68,193,61,322
Silence,92,100,159,351
America's Sweethearts,349,118,78,545
Insomnia,110,56,1,167
Prisoners,164,168,71,403
Arthur and the War of Two Worlds,0,0,0,0
Taken 2,101,0,0,101
Scary Movie 3,157,0,67,224
Miss Congeniality,0,0,0,0
Pitch Perfect 3,74,169,74,317
Journey to the Center of the Earth,0,76,0,76
The Princess Diaries 2: Royal Engagement,74,0,74,148
The Bucket List,87,88,0,175
The Muppets,199,35,0,234
Monster-in-Law,146,0,0,146
Training Day,291,0,82,373
The Girl on the Train,94,0,0,94
Scary Movie 2,90,90,0,180
Coach Carter,122,0,0,122
The Bounty Hunter,142,321,0,463
Changing Lanes,237,197,0,434
Underworld: Evolution,123,45,88,256
A Beautiful Day in the Neighborhood,174,0,0,174
Coyote Ugly,0,0,0,0
Love Actually,80,0,0,80
Office Christmas Party,85,0,0,85
"Yours, Mine and Ours",164,0,0,164
Kicking and Screaming,158,38,0,196
The Hitchhiker's Guide to the Galaxy,0,0,22,22
Resident Evil: Extinction,59,0,0,59
Fat Albert,0,0,0,0
Savages,37,0,54,91
Blended,192,0,81,273
All Eyez on Me,0,0,0,0
Last Holiday,95,0,0,95
16 Blocks,140,0,0,140
Cellular,0,38,90,128
Doctor Sleep,56,199,0,255
The Ant Bully,51,130,207,388
Johnny English,54,0,0,54
Aliens in the Attic,81,53,0,134
Across the Universe,0,0,0,0
Revolutionary Road,162,82,0,244
Babylon A.D.,81,0,0,81
Richard Jewell,0,44,0,44
UglyDolls,0,96,63,159
The Pledge,0,0,0,0
The Producers: The Movie Musical,0,41,140,181
Rebound,91,0,77,168
The Ghost Writer,16,96,0,112
All the Pretty Horses,0,0,0,0
Bangkok Dangerous,284,0,0,284
Dredd,88,3,0,91
The Rum Diary,260,0,0,260
Welcome to Marwen,45,0,0,45
Bloodshot,272,60,6,338
Johnny English Reborn,0,0,0,0
Miracle at St. Anna,0,0,0,0
Big Trouble,59,81,8,148
Man cheng jin dai huang jin jia,0,0,0,0
Love in the Time of Cholera,0,0,0,0
Pinocchio,0,0,0,0
Argo,149,0,0,149
Charlie St. Cloud,140,0,0,140
The Interview,219,120,0,339
The Heat,0,0,81,81
Finding Forrester,0,0,0,0
28 Days,0,0,0,0
Danny the Dog,90,0,227,317
The Sweetest Thing,154,0,0,154
The Girl in the Spider’s Web,0,0,0,0
A Monster Calls,0,0,39,39
The Mechanic,153,0,0,153
21 Jump Street,57,130,0,187
Little Women,16,99,0,115
Chicken Run,0,0,0,0
Along Came Polly,83,0,0,83
Brüno,86,0,0,86
Snatched,47,0,0,47
Here Comes the Boom,210,0,0,210
High Crimes,0,64,118,182
Red Riding Hood,122,0,0,122
The Mothman Prophecies,147,0,0,147
Holmes & Watson,151,0,0,151
One for the Money,194,0,0,194
15 Minutes,291,99,0,390
Lord of War,155,21,0,176
Man on a Ledge,190,0,85,275
The Warrior's Way,0,55,100,155
Micmacs,0,0,0,0
Pourquoi j'ai pas mangé mon père,0,0,0,0
8 Mile,0,0,19,19
Rocketman,91,0,0,91
A Knight’s Tale,0,35,0,35
The Medallion,192,0,0,192
The Big Year,248,145,21,414
Wedding Crashers,100,176,114,390
The Karate Kid,131,0,4,135
John Wick: Chapter 3 — Parabellum,46,0,0,46
Fifty Shades of Grey,0,0,0,0
Knives Out,0,200,65,265
The Proposal,88,12,0,100
American Hustle,171,103,340,614
Cheaper by the Dozen,0,0,0,0
Lucy,138,276,0,414
Lone Survivor,221,166,3,390
Spy Kids 3-D: Game Over,145,0,145,290
The Conjuring 2: The Enfield Poltergeist,78,0,0,78
The Social Network,41,14,0,55
Julie & Julia,93,203,0,296
He's Just Not That Into You,0,161,75,236
John Wick: Chapter Two,6,0,0,6
Ride Along 2,48,92,0,140
Scary Movie 4,64,0,0,64
Get Hard,84,81,0,165
Scream 3,0,0,0,0
The Accountant,82,74,0,156
Dumb and Dumber To,66,0,0,66
The Other Woman,100,37,0,137
Eight Below,86,85,0,171
The Intern,52,84,0,136
Ray,0,0,0,0
Sin City,0,131,40,171
Bridge of Spies,145,0,0,145
Vantage Point,28,0,0,28
"I Love You, Man",36,0,0,36
Shallow Hal,0,247,11,258
Big Momma's House 2,91,0,0,91
Angel Has Fallen,159,0,0,159
The House with a Clock in its Walls,149,93,0,242
Hacksaw Ridge,92,66,43,201
The Mexican,153,349,0,502
The Final Destination,0,0,0,0
17 Again,81,0,0,81
Unknown,134,83,0,217
Get Him to the Greek,92,0,0,92
Gothika,95,52,0,147
Behind Enemy Lines,116,0,0,116
The Lincoln Lawyer,85,0,0,85
Shall We Dance?,181,152,9,342
Invincible,116,25,63,204
Escape From Planet Earth,0,125,162,287
Horrible Bosses 2,138,166,70,374
The Count of Monte Cristo,0,21,0,21
The Prestige,177,178,128,483
The Lake House,366,101,0,467
Predators,0,55,0,55
The Odd Life of Timothy Green,109,0,0,109
Apocalypto,0,0,0,0
Music and Lyrics,0,81,0,81
Secret Window,238,0,0,238
The Skeleton Key,10,0,0,10
Jersey Boys,0,0,0,0
Made of Honor,86,53,0,139
A Million Ways to Die in The West,0,82,286,368
Final Destination 5,0,0,0,0
Widows,91,98,94,283
Fever Pitch,159,0,0,159
Aliens vs. Predator - Requiem,0,0,0,0
The Water Horse: Legend of the Deep,0,0,0,0
Sex Tape,57,100,0,157
Scream 4,0,0,0,0
Autumn in New York,0,0,0,0
Paul,88,0,61,149
The Guilt Trip,80,99,0,179
Colombiana,188,0,0,188
The Commuter,81,71,71,223
Hanging Up,0,0,0,0
The Spy Who Dumped Me,0,0,0,0
Pay it Forward,0,0,0,0
Arthur,34,108,109,251
Drillbit Taylor,148,0,0,148
Patriots Day,344,70,0,414
Extremely Loud and Incredibly Close,0,92,161,253
Transporter 3,37,0,0,37
Morning Glory,73,99,18,190
Get Rich or Die Tryin',0,0,0,0
Long Shot,169,21,0,190
The Art of War,0,0,0,0
Grudge Match,191,149,0,340
Bless the Child,0,0,0,0
Rent,0,0,0,0
The Nut Job 2: Nutty by Nature,66,0,87,153
The Musketeer,0,0,86,86
Resident Evil: The Final Chapter,0,0,0,0
The Other Boleyn Girl,175,120,63,358
The House,104,32,0,136
Sweet November,149,73,0,222
The Reaping,83,0,93,176
Season of the Witch,170,57,0,227
City by the Sea,329,0,0,329
Mechanic: Resurrection,126,0,0,126
Torque,0,48,0,48
Fantastic Mr. Fox,190,203,0,393
The Happytime Murders,131,74,0,205
Big Miracle,64,7,0,71
The Impossible,7,27,0,34
A Thousand Words,51,0,0,51
Detroit,100,100,0,200
Marie Antoinette,102,0,0,102
Hunter Killer,150,42,3,195
Get Carter,0,0,0,0
Keeping Up with the Joneses,109,160,0,269
"Life, or Something Like It",283,30,42,355
Amelia,75,28,0,103
Cirque du Freak: The Vampire's Assistant,0,49,0,49
New York Minute,0,0,172,172
Alfie,207,0,9,216
FearDotCom,0,0,0,0
Soul Men,94,137,0,231
The Gunman,35,176,0,211
Pandorum,53,0,0,53
Duplex,199,96,0,295
Paranoia,0,18,68,86
Baahubali: The Beginning,0,0,0,0
The Hurricane Heist,93,0,0,93
Impostor,0,0,62,62
Victor Frankenstein,40,95,0,135
The Goldfinch,36,60,96,192
Extreme Ops,0,65,0,65
Just Visiting,155,0,0,155
Snowpiercer,184,85,92,361
Sunshine,46,0,17,63
Billy Lynn’s Long Halftime Walk,0,50,0,50
Delgo,0,0,0,0
The Hunting Party,57,0,0,57
Alex Rider: Operation Stormbreaker,0,71,0,71
Red Cliff,0,0,0,0
Un monstre à Paris,0,0,0,0
Solomon Kane,0,0,0,0
Kursk,0,0,0,0
USS Indianapolis: Men of Courage,0,0,0,0
Dragon Nest Warriors' Dawn,0,0,0,0
The Time Traveler’s Wife,26,0,0,26
Because I Said So,41,0,0,41
Frankenweenie,0,0,0,0
Serenity,0,0,0,0
Shoot 'Em Up,316,55,51,422
Against the Ropes,45,0,0,45
Yi dai zong shi,0,0,0,0
The Fast and the Furious,30,43,0,73
Sweet Home Alabama,123,0,0,123
The Ugly Truth,132,194,0,326
Spy Kids 2: The Island of Lost Dreams,0,79,126,205
Captain Underpants: The First Epic Movie,185,0,30,215
Paul Blart: Mall Cop 2,76,0,0,76
Why Him?,0,132,0,132
Water for Elephants,281,62,83,426
Life as We Know It,203,0,0,203
Riddick,94,0,0,94
Heartbreakers,59,0,116,175
Enough,117,0,0,117
The 5th Wave,26,0,0,26
Push,15,65,97,177
Rush,0,275,100,375
Angel Eyes,115,0,0,115
Joe Somebody,59,0,0,59
Overlord,0,0,0,0
The Ninth Gate,0,0,0,0
Only the Brave,13,64,33,110
The Thing,0,0,0,0
Rock Star,86,21,0,107
The Kitchen,64,72,0,136
City of Ember,0,0,0,0
The Sisters Brothers,0,0,111,111
Texas Rangers,43,49,48,140
Virgin Territory,99,0,0,99
The Upside,222,26,96,344
What to Expect When You're Expecting,185,0,0,185
The Master,0,0,249,249
The Express,0,28,0,28
Twilight,0,0,0,0
We’re the Millers,94,191,0,285
Creed,38,170,0,208
The Town,99,0,0,99
Dolphin Tale,116,0,0,116
Game Night,23,127,0,150
Burn After Reading,240,0,172,412
13 Going On 30,78,0,0,78
Tyler Perry’s Temptation,0,0,0,0
Nim's Island,183,157,43,383
How to be Single,115,153,58,326
Cop Out,151,24,0,175
The Rite,0,52,0,52
Space Chimps,0,0,0,0
Aloha,306,81,62,449
A Star is Born,0,27,0,27
Gnomeo and Juliet,86,52,0,138
John Q.,263,0,0,263
Hot Tub Time Machine,152,0,0,152
Dolphin Tale 2,276,30,30,336
Collateral Beauty,125,79,0,204
A Man Apart,198,0,0,198
Reindeer Games,0,0,0,0
Isn't She Great,0,0,0,0
Yip Man 3,0,0,0,0
There Be Dragons,0,0,0,0
Queen of the Desert,0,132,95,227
Head of State,101,0,0,101
It,0,0,0,0
The Hangover,0,0,0,0
The Blind Side,0,88,0,88
True Grit,109,229,0,338
Identity Thief,83,81,0,164
The Devil Wears Prada,63,24,0,87
Horrible Bosses,63,0,0,63
Spy Kids,0,0,133,133
Trainwreck,0,0,0,0
Saving Mr. Banks,38,42,0,80
21,0,0,0,0
What Happens in Vegas...,114,91,0,205
Hotel for Dogs,0,0,0,0
Guess Who,39,123,26,188
This is 40,65,36,0,101
Sky High,22,0,0,22
A Nightmare on Elm Street,0,0,26,26
The Cell,0,0,0,0
The Benchwarmers,0,5,0,5
Secretariat,33,61,0,94
Friends with Benefits,0,63,0,63
Neighbors 2: Sorority Rising,116,124,72,312
TMNT,94,0,17,111
Radio,169,0,0,169
Sicario: Day of the Soldado,0,13,0,13
Old Dogs,153,155,0,308
Poltergeist,0,0,0,0
Goosebumps 2: Haunted Halloween,0,0,0,0
12 Strong,314,0,93,407
Underworld 3: Rise of the Lycans,0,0,100,100
Must Love Dogs,84,63,0,147
License to Wed,0,0,132,132
Max Payne,91,0,0,91
Resident Evil,0,82,0,82
The Ladykillers,167,67,0,234
Something Borrowed,64,100,0,164
The Nativity Story,3,0,0,3
In Time,63,122,0,185
The Back-up Plan,0,0,0,0
J. Edgar,252,0,7,259
Bounce,0,0,0,0
Mile 22,297,0,0,297
Hot Pursuit,50,0,0,50
Concussion,159,10,0,169
The Foreigner,0,92,0,92
Closer,97,207,0,304
Black Knight,147,0,0,147
The Bad News Bears,50,25,0,75
The Pianist,0,0,0,0
House of Wax,28,0,0,28
From Hell,189,165,0,354
Adrift,123,59,0,182
Mirrors,0,0,0,0
Underworld: Blood Wars,0,148,0,148
Queen of the Damned,58,0,0,58
Nanny McPhee and the Big Bang,0,0,143,143
Untraceable,16,0,0,16
Abduction,343,0,0,343
Superhero Movie,0,0,0,0
Alex Cross,45,0,84,129
Jersey Girl,351,0,0,351
Bridget Jones’s Baby,0,0,0,0
Heist,116,0,0,116
Whiskey Tango Foxtrot,32,57,196,285
Ella Enchanted,74,0,0,74
Hitman: Agent 47,0,0,87,87
Phantom Thread,0,0,0,0
The X-Files: I Want to Believe,0,0,0,0
Premium Rush,175,0,0,175
Broken City,221,181,0,402
Valiant,153,0,0,153
Wonder Boys,0,0,0,0
Cursed,0,0,0,0
Walk Hard: The Dewey Cox Story,0,0,0,0
The Four Feathers,60,0,25,85
Furry Vengeance,180,0,0,180
Parker,172,45,0,217
Wimbledon,61,82,0,143
Bait,0,0,0,0
Dungeons and Dragons,0,0,0,0
Lions for Lambs,270,113,0,383
The Tree of Life,229,10,0,239
American Outlaws,0,43,158,201
Playing for Keeps,175,114,79,368
Zoom,42,0,0,42
The Shipping News,162,75,0,237
The Young Victoria,0,0,0,0
Sabotage,34,74,4,112
Whiteout,134,0,0,134
Unfinished Business,26,79,166,271
The Walk,56,19,0,75
The Fountain,178,34,24,236
Mandela: Long Walk to Freedom,106,0,0,106
Punisher: War Zone,0,0,0,0
The Order,60,35,0,95
A Good Year,136,0,0,136
The Brothers Grimsby,0,83,153,236
The Snowman,247,0,0,247
Femme Fatale,0,126,0,126
Luther,58,0,0,58
Biutiful,39,0,0,39
A Hologram for the King,158,0,0,158
Stolen,197,130,0,327
Trespass,170,77,0,247
Bandidas,0,46,0,46
The Darkest Hour,35,0,0,35
Baby Driver,74,60,0,134
The Maze Runner,0,0,72,72
The Longest Ride,0,0,0,0
Gake no ue no Ponyo,270,304,74,648
The Darkest Minds,3,7,0,10
I Dreamed of Africa,0,0,0,0
Thunder and the House of Magic,0,0,0,0
Big Momma's House,0,0,0,0
Exit Wounds,0,0,0,0
Mike and Dave Need Wedding Dates,72,0,74,146
Step Up Revolution,0,0,0,0
Snakes on a Plane,115,0,0,115
The Punisher,31,102,0,133
The Watcher,0,0,0,0
21 Bridges,336,0,0,336
Safe,96,0,0,96
Doomsday,0,22,0,22
Goal! The Dream Begins,0,0,0,0
Bridesmaids,0,0,0,0
The Reader,82,133,0,215
The Big Wedding,191,5,123,319
Wanderlust,255,65,130,450
Elf,15,0,0,15
This is the End,93,98,76,267
Snow Dogs,105,0,0,105
Nacho Libre,58,0,0,58
Takers,0,71,0,71
Source Code,124,105,61,290
Men of Honor,0,0,0,0
I Feel Pretty,47,81,0,128
The Transporter 2,107,0,0,107
"Big Mommas: Like Father, Like Son",4,0,63,67
The Number 23,192,28,0,220
Dreamer: Inspired by a True Story,22,61,0,83
Bombshell,169,96,168,433
A History of Violence,250,0,12,262
The Incredible Burt Wonderstone,129,0,0,129
Laws of Attraction,95,112,0,207
Bad Times at the El Royale,0,0,207,207
Going the Distance,126,64,0,190
Repo Men,107,66,0,173
Dragon Wars: D-War,0,0,0,0
The Good German,189,78,162,429
Criminal,42,76,0,118
La ch'tite famille,0,0,0,0
42,0,0,68,68
Flight,171,0,94,265
The Grand Budapest Hotel,174,0,0,174
Vacation,82,0,79,161
Isn’t it Romantic,67,80,0,147
Frequency,0,0,0,0
Hearts in Atlantis,114,0,0,114
Extraordinary Measures,180,70,99,349
Birth of the Dragon,0,71,0,71
Crazy Rich Asians,0,0,34,34
Chicago,118,235,147,500
American Pie 2,86,134,90,310
The Vow,167,130,0,297
Lee Daniels' The Butler,0,0,12,12
Remember the Titans,0,0,0,0
District 9,0,0,0,0
Dodgeball: A True Underdog Story,83,0,66,149
The Princess Diaries,0,0,0,0
Million Dollar Baby,30,0,208,238
Mystic River,0,62,0,62
Sisters,36,0,67,103
SpongeBob SquarePants: The Movie,0,0,0,0
The Notebook,0,0,0,0
Hannah Montana: The Movie,20,0,0,20
27 Dresses,76,86,0,162
Rugrats in Paris,0,0,0,0
The Hitman’s Bodyguard,92,393,0,485
Four Brothers,74,86,0,160
Looper,175,116,91,382
Warm Bodies,0,0,62,62
About Schmidt,5,0,0,5
The Nut Job,0,0,286,286
Down to Earth,35,0,0,35
Hope Springs,131,84,129,344
Forgetting Sarah Marshall,0,0,0,0
Friday Night Lights,80,0,0,80
Baby Mama,0,0,0,0
Bride Wars,102,162,0,264
Without a Paddle,129,128,0,257
Midnight in Paris,248,78,66,392
Darkest Hour,0,89,0,89
Wallace & Gromit: The Curse of the Were-Rabbit,0,56,70,126
"P.S., I Love You",83,66,0,149
Corpse Bride,233,56,0,289
Life of the Party,131,0,0,131
Letters to Juliet,96,0,0,96
Blow,189,0,5,194
Southpaw,38,81,0,119
Atomic Blonde,142,182,71,395
Like Mike,0,0,2,2
Atonement,176,0,0,176
Racing Stripes,42,0,69,111
Sicario,81,126,0,207
Den of Thieves,150,0,62,212
The Three Stooges,0,0,0,0
Pokemon 2000,0,0,0,0
John Wick,50,97,0,147
Glory Road,29,18,0,47
The Age of Adaline,16,0,131,147
Step Up 3D,0,0,0,0
Drag Me To Hell,0,0,0,0
The Cabin in the Woods,0,86,0,86
Secondhand Lions,116,88,0,204
Stranger Than Fiction,232,88,94,414
Hanna,0,267,91,358
Blue Crush,0,82,0,82
30 Days of Night,2,0,0,2
Gridiron Gang,60,0,0,60
Meet the Spartans,0,0,0,0
The Family,191,117,0,308
The 15:17 to Paris,0,0,0,0
Larry Crowne,92,160,0,252
Carrie,170,46,0,216
Last Christmas,0,0,0,0
Take the Lead,185,0,0,185
Death Wish,0,45,0,45
Love and Other Drugs,36,122,56,214
Entourage,0,0,33,33
What's the Worst That Could Happen?,147,0,0,147
Side Effects,77,229,203,509
9,0,75,0,75
Deliver Us from Evil,0,0,0,0
Get on Up,27,0,0,27
Molly’s Game,51,75,105,231
The Five-Year Engagement,92,91,0,183
The Prince & Me,0,0,0,0
Winnie the Pooh,0,0,0,0
Dumb and Dumberer: When Harry Met Lloyd,0,38,87,125
White Boy Rick,31,0,0,31
Sanctum,0,0,0,0
My Super Ex-Girlfriend,164,39,64,267
Ballerina,0,0,0,0
Mr. 3000,32,0,0,32
The Next Three Days,183,8,74,265
Proud Mary,63,0,0,63
Sleepless,75,70,0,145
Little Black Book,0,0,0,0
Assault On Precinct 13,21,0,39,60
Nine Lives,0,26,0,26
Runner Runner,120,170,85,375
Baahubali 2: The Conclusion,0,0,0,0
Ultraviolet,59,0,0,59
North Country,74,0,0,74
Fright Night,88,14,0,102
mother!,466,0,3,469
Steve Jobs,98,0,116,214
Eight Legged Freaks,98,0,0,98
Splice,0,0,0,0
88 Minutes,85,0,0,85
The Whole Ten Yards,88,0,0,88
Pride and Glory,0,74,0,74
The Cave,79,29,0,108
Godsend,166,44,0,210
Alex & Emma,47,25,0,72
Wicker Park,230,0,129,359
The New World,228,0,0,228
Evening,0,75,0,75
The Last Stand,0,0,0,0
Café Society,79,0,124,203
Antitrust,55,69,49,173
Dead Man Down,134,172,0,306
Hoodwinked Too: Hood vs. Evil,0,0,0,0
Dragonball Evolution,0,0,24,24
First Daughter,0,0,0,0
The Lost City of Z,5,0,88,93
An Unfinished Life,146,0,227,373
The Space Between Us,0,68,0,68
Anna,0,57,99,156
The Imaginarium of Doctor Parnassus,0,0,100,100
Barney's Version,0,0,0,0
Trapped,6,113,0,119
The Current War: Director’s Cut,190,0,0,190
Kin,0,0,0,0
Johnny English Strikes Again,0,0,0,0
Stronger,85,0,0,85
Replicas,46,0,0,46
The Assassination of Jesse James by the Coward …,339,0,0,339
The Merchant of Venice,111,58,0,169
The Good Thief,0,70,0,70
Supercross,0,0,0,0
Miss Potter,157,230,0,387
Wu ji,0,0,0,0
Machine Gun Preacher,212,105,0,317
Bilal: A New Breed of Hero,91,0,0,91
DOA: Dead or Alive,0,0,0,0
Le Petit Nicolas,0,0,0,0
Xinhai geming,136,0,0,136
Genghis Khan: To the Ends of the Earth and Sea,0,0,0,0
Wild Card,135,0,0,135
Grace of Monaco,0,0,0,0
Overdrive,91,0,0,91
Savva. Serdtse voyna,0,0,0,0
Goodbye Bafana,0,0,93,93
Ripley's Game,0,0,0,0
Collide,98,39,138,275
Pitch Perfect 2,58,114,45,217
Walk the Line,84,132,0,216
Night School,233,39,5,277
The Boss,208,0,70,278
Once Upon a Time in Mexico,145,0,203,348
Keeping the Faith,0,0,0,0
Logan Lucky,177,100,95,372
Florence Foster Jenkins,61,0,0,61
Frost/Nixon,0,0,0,0
Seed of Chucky,0,0,0,0
Serving Sara,53,55,0,108
Confessions of a Dangerous Mind,0,140,306,446
Taking Woodstock,0,0,0,0
The Jacket,61,303,0,364
Straight Outta Compton,0,0,0,0
Girls Trip,0,0,51,51
Along Came a Spider,0,0,0,0
A Bad Moms Christmas,111,51,51,213
Safe Haven,0,88,0,88
The Big Short,264,79,35,378
Scary Stories to Tell in the Dark,0,0,0,0
Role Models,0,57,0,57
"Alexander and the Terrible, Horrible, No Good, …",99,0,0,99
Miracle,0,0,0,0
Last Vegas,191,49,92,332
The Wedding Planner,115,30,0,145
Dawn of the Dead,0,0,0,0
Tag,254,30,0,284
The Royal Tenenbaums,116,247,53,416
Identity,150,0,53,203
Serendipity,118,0,0,118
Kick-Ass,0,258,0,258
Zoolander,240,0,0,240
No Reservations,157,0,43,200
Pride & Prejudice,303,0,0,303
30 Minutes or Less,110,38,0,148
Dracula 2000,0,0,0,0
3 Days to Kill,0,45,0,45
Kick-Ass 2,61,170,37,268
We Own the Night,162,46,0,208
A Walk Among the Tombstones,286,0,0,286
The Spy Next Door,131,0,0,131
Brick Mansions,189,0,83,272
Just My Luck,195,0,0,195
Lost Souls,0,0,0,0
American Ultra,89,177,0,266
Winged Migration,0,0,0,0
Pride and Prejudice and Zombies,89,0,0,89
John Carpenter’s Ghosts of Mars,53,116,0,169
Our Brand is Crisis,158,0,50,208
How to Lose Friends & Alienate People,35,14,96,145
Knocked Up,0,0,36,36
My Sister’s Keeper,151,80,0,231
Welcome Home Roscoe Jenkins,80,0,0,80
Joyful Noise,66,0,0,66
Notes on a Scandal,78,0,0,78
Rendition,127,124,0,251
Anonymous,0,0,0,0
Limitless,281,0,0,281
Annabelle Comes Home,71,167,0,238
The Divine Secrets of the Ya-Ya Sisterhood,179,0,0,179
The Sisterhood of the Traveling Pants 2,0,0,21,21
Money Monster,207,0,53,260
About a Boy,94,0,0,94
Spy Kids: All the Time in the World,157,0,0,157
Lucky Number Slevin,11,0,117,128
The Duchess,255,133,0,388
Case 39,0,0,0,0
The Honeymooners,68,4,0,72
Suspect Zero,30,0,0,30
Martian Child,16,0,0,16
Formula 51,197,0,0,197
Mindhunters,67,0,0,67
What Just Happened,58,0,0,58
The Statement,88,0,0,88
Rules Don’t Apply,6,0,0,6
Paul Blart: Mall Cop,73,0,0,73
Freaky Friday,8,0,0,8
The 40 Year-old Virgin,36,0,36,72
Pineapple Express,76,0,0,76
Open Range,41,0,0,41
Red Eye,114,37,0,151
New Year’s Eve,196,66,170,432
Pain & Gain,221,214,0,435
Final Destination 2,0,65,0,65
"O Brother, Where Art Thou?",0,0,0,0
In Good Company,49,0,53,102
Legion,15,132,0,147
Lawless,18,245,0,263
Clockstoppers,0,0,0,0
Brothers,36,102,98,236
The Best of Me,0,0,0,0
Agent Cody Banks 2: Destination London,42,44,0,86
Bad Santa 2,0,0,0,0
Original Sin,133,198,0,331
The Raven,108,0,112,220
Welcome to Mooseport,82,0,0,82
Self/Less,76,0,0,76
Motherless Brooklyn,6,44,93,143
The Curse of the Jade Scorpion,0,0,0,0
The Fifth Estate,18,0,0,18
Blood Ties,9,42,0,51
Viy,0,0,0,0
The Constant Gardener,70,0,0,70
W.,68,0,174,242
The Passion of the Christ,0,38,0,38
The Help,64,7,0,71
Hidden Figures,0,20,0,20
Gran Torino,0,0,0,0
Taken,0,0,0,0
Ride Along,0,33,0,33
"Legally Blonde 2: Red, White & Blonde",143,0,0,143
Scooby-Doo 2: Monsters Unleashed,87,87,129,303
Anchorman: The Legend of Ron Burgundy,137,0,0,137
Up in the Air,190,0,0,190
Freddy vs. Jason,0,0,0,0
Bridge to Terabithia,17,93,0,110
Jimmy Neutron: Boy Genius,0,0,0,0
Cloverfield,0,0,0,0
Dear John,79,96,0,175
Parental Guidance,0,0,46,46
No Country for Old Men,0,0,0,0
Bridget Jones's Diary,48,0,94,142
Chocolat,0,0,0,0
No Strings Attached,110,170,0,280
Contraband,141,0,0,141
A Dog’s Purpose,79,0,0,79
The Lucky One,107,0,80,187
Romeo Must Die,0,0,0,0
The Omen,0,0,0,0
Final Destination 3,33,0,0,33
Madea’s Big Happy Family,45,0,0,45
Tyler Perry's A Madea Christmas,9,0,0,9
Finding Neverland,238,0,0,238
The Grey,101,0,0,101
Hide and Seek,165,61,31,257
The House Bunny,76,0,0,76
Agent Cody Banks,22,0,0,22
Nanny McPhee,88,88,0,176
The Giver,0,13,76,89
The Night Before,56,116,0,172
The Hours,0,227,98,325
There Will Be Blood,0,43,0,43
The Wild Thornberrys Movie,0,71,0,71
Rugrats Go Wild,0,0,0,0
The Sisterhood of the Traveling Pants,0,0,0,0
Undercover Brother,8,0,0,8
August: Osage County,76,0,189,265
Kiss of the Dragon,58,24,0,82
Million Dollar Arm,0,0,66,66
Beauty Shop,95,0,0,95
Just Mercy,158,73,84,315
What a Girl Wants,22,0,0,22
Jeepers Creepers 2,34,0,0,34
Peppermint,0,20,0,20
Good Luck Chuck,0,161,0,161
Cradle 2 the Grave,58,51,0,109
She’s the Man,0,0,0,0
The Gambler,227,0,148,375
Mr. Bean’s Holiday,0,0,0,0
Mother’s Day,102,0,0,102
Fist Fight,81,30,0,111
August Rush,93,0,0,93
Anacondas: The Hunt for the Blood Orchid,2,0,0,2
The Sitter,57,0,0,57
Draft Day,0,27,0,27
Rings,0,0,0,0
Dance Flick,0,0,0,0
Crocodile Dundee in Los Angeles,0,0,0,0
Ice Princess,0,0,0,0
Don't Be Afraid of the Dark,0,0,0,0
The Losers,0,188,67,255
Fighting,49,93,0,142
War,75,54,0,129
A Lot Like Love,39,126,0,165
The Eagle,130,0,0,130
Shaun the Sheep,0,0,0,0
Shark Night 3D,0,0,0,0
CHiPS,153,0,45,198
Punch-Drunk Love,118,0,0,118
Eurotrip,0,0,0,0
Father Figures,131,30,0,161
The Ruins,0,0,0,0
Masterminds,109,0,190,299
The Counselor,83,108,169,360
Unaccompanied Minors,0,0,0,0
Mary Queen of Scots,16,225,0,241
Half Past Dead,2,51,0,53
The Greatest Game Ever Played,29,0,0,29
The Box,151,142,0,293
The Next Best Thing,0,0,0,0
My Soul to Take,0,0,0,0
The Girl Next Door,0,0,0,0
Fly Me To the Moon,0,48,0,48
Stealing Harvard,50,0,0,50
Hot Rod,0,0,0,0
Warrior,0,0,0,0
Battle of the Sexes,111,71,27,209
Cirque du Soleil: Worlds Away,0,0,0,0
The 33,59,75,0,134
The Conspirator,0,86,0,86
The Powerpuff Girls,0,0,0,0
The Lords of Dogtown,0,0,0,0
Stop-Loss,10,0,0,10
Abandon,0,0,0,0
Straw Dogs,56,55,0,111
Possession,193,0,0,193
The Road,1,0,0,1
Beautiful Boy,45,0,0,45
The Hoax,57,0,0,57
Captive State,20,0,0,20
Underclassman,0,0,71,71
Say It Isn't So,86,165,28,279
The World's Fastest Indian,188,0,0,188
Deception,139,174,0,313
King's Ransom,44,0,0,44
Blindness,23,121,0,144
Sgt. Stubby: An American Hero,0,67,0,67
Carnage,37,73,83,193
Tulip Fever,149,0,65,214
BloodRayne,0,0,81,81
Legend,50,32,0,82
Bad Lieutenant: Port of Call New Orleans,264,2,0,266
Jane Got a Gun,91,151,113,355
Me and Orson Welles,81,58,0,139
Where the Truth Lies,66,88,21,175
On the Road,0,87,285,372
Les petits mouchoirs,0,123,0,123
Belka i Strelka. Zvezdnye sobaki,0,0,0,0
La véritable histoire du Chat Botté,0,0,0,0
The Professor and the Madman,47,0,0,47
Ironclad,0,0,0,0
Dangerous Liaisons,0,0,0,0
The Addams Family,100,169,43,312
Old School,47,27,15,89
Rocky Balboa,0,0,0,0
Think Like a Man Too,33,33,81,147
Fences,102,45,0,147
The Whole Nine Yards,0,0,0,0
Footloose,0,0,132,132
Going in Style,156,0,0,156
Hitman,0,0,0,0
Return to Me,0,0,0,0
The Men Who Stare at Goats,0,190,55,245
Zack and Miri Make a Porno,76,0,0,76
Double Take,28,0,0,28
Nurse Betty,0,0,0,0
Piranha 3D,0,0,0,0
Faster,108,0,74,182
Win a Date with Tad Hamilton!,20,0,0,20
Ready to Rumble,0,0,0,0
Foxcatcher,99,322,179,600
I Don't Know How She Does It,196,107,0,303
Dhoom 3,0,0,0,0
Beyond the Sea,0,20,98,118
Hauru no ugoku shiro,0,0,0,0
The Bridge of San Luis Rey,39,165,0,204
Zombieland,0,0,0,0
Green Book,0,0,69,69
The Wedding Ringer,81,0,0,81
Final Destination,0,0,0,0
The Ides of March,0,154,7,161
Pitch Black,0,0,0,0
The Hate U Give,3,39,0,42
Someone Like You,99,0,92,191
Her,0,126,138,264
Joy Ride,0,43,0,43
Kari gurashi no Arietti,0,0,0,0
Haywire,0,27,166,193
Vanity Fair,200,0,0,200
Eddie the Eagle,83,300,0,383
The Crew,0,0,0,0
Chasing Liberty,0,0,0,0
The Longshots,80,0,0,80
In the Valley of Elah,0,9,0,9
Coco avant Chanel,99,0,0,99
Chéri,58,0,0,58
Redemption,172,0,0,172
Rogue,70,0,0,70
Ch?i dàn zhu?nji?,151,74,0,225
Shi Yue Wei Cheng,0,0,0,0
1408,16,38,0,54
Nocturnal Animals,69,123,92,284
The Water Diviner,84,0,77,161
The Nun,51,0,0,51
The Game Plan,25,0,0,25
The Rookie,108,0,0,108
Son of God,0,0,0,0
The Animal,60,0,0,60
The Hundred-Foot Journey,47,0,0,47
Underworld,145,0,0,145
Diary of a Wimpy Kid: Dog Days,12,0,0,12
I Am Sam,66,112,0,178
The Gentlemen,31,38,0,69
Derailed,131,71,0,202
The Informant!,304,0,0,304
Delivery Man,13,0,0,13
"Hail, Caesar!",48,207,0,255
Jay and Silent Bob Strike Back,35,0,227,262
Traitor,135,0,0,135
Deuce Bigalow: European Gigolo,23,13,0,36
Diary of a Wimpy Kid: The Long Haul,0,0,0,0
Mad Money,59,0,0,59
Homefront,172,93,0,265
Igor,72,0,0,72
Saving Silverman,86,0,0,86
The Glass House,105,0,57,162
The Transporter Refueled,0,0,83,83
Josie and the Pussycats,49,146,0,195
Hit & Run,0,63,428,491
The Little Vampire,0,0,0,0
I Heart Huckabees,0,207,85,292
"Roman J. Israel, Esq.",101,93,93,287
Out of the Furnace,171,51,11,233
Just Getting Started,138,34,0,172
Megiddo: Omega Code 2,0,0,0,0
The Libertine,233,0,0,233
Zwartboek,0,0,0,0
Before I Go to Sleep,0,18,18,36
Stone,79,64,85,228
Joyeux Noël,93,0,0,93
Metegol,0,0,0,0
Molière,0,0,0,0
Michael Clayton,134,98,0,232
To Rome with Love,0,107,110,217
Silver Linings Playbook,428,83,191,702
Blockers,16,0,91,107
Pet Sematary,0,0,47,47
Death at a Funeral,0,84,0,84
Hardball,149,105,0,254
For Colored Girls,0,0,0,0
Freedom Writers,83,0,0,83
The Hustle,133,67,0,200
Kidnap,0,0,0,0
The Transporter,69,0,0,69
Never Back Down,0,75,0,75
Tinker Tailor Soldier Spy,0,185,0,185
Victoria and Abdul,83,0,0,83
Swing Vote,75,0,0,75
Away We Go,21,0,0,21
Moonlight Mile,0,0,0,0
The Beaver,27,37,88,152
Bitter Harvest,0,0,68,68
Robot Overlords,223,0,0,223
Hustlers,61,0,0,61
Pulse,0,0,0,0
Us,99,0,0,99
La La Land,80,62,21,163
The Conjuring,0,0,0,0
Bringing Down the House,0,0,87,87
Wonder,0,131,0,131
Jackass 3D,0,0,0,0
Bad Moms,148,0,0,148
Glass,154,0,202,356
Beverly Hills Chihuahua,68,0,0,68
Tammy,201,41,0,242
Good Boys,122,0,0,122
Are We There Yet?,78,0,0,78
The Descendants,154,0,0,154
School of Rock,59,0,20,79
Disturbia,0,0,0,0
Tyler Perry’s A Madea Family Funeral,0,0,0,0
Tyler Perry’s Boo! A Madea Halloween,0,0,0,0
White Chicks,67,67,0,134
Obsessed,0,0,0,0
Holes,0,31,0,31
Tyler Perry's Madea's Witness Protection,45,0,0,45
The Last Song,82,0,0,82
Why Did I Get Married Too?,0,37,0,37
The Shack,66,63,0,129
12 Years a Slave,0,0,83,83
Drumline,0,0,95,95
Me Before You,84,0,0,84
What Men Want,63,0,0,63
Barbershop: The Next Cut,48,4,0,52
A Simple Favor,125,29,0,154
Selma,0,0,0,0
Date Movie,85,0,0,85
Peter Pan: Return to Neverland,0,0,0,0
The Jungle Book 2,98,116,0,214
Premonition,152,0,0,152
Tyler Perry’s Boo 2! A Madea Halloween,0,0,0,0
Boogeyman,0,0,0,0
The Tigger Movie,0,0,0,0
Spotlight,179,27,81,287
Queen & Slim,0,0,0,0
Acrimony,63,0,0,63
Max,0,0,0,0
Meet the Browns,0,0,16,16
Orphan,0,0,0,0
The Star,0,0,0,0
Epic Movie,0,0,0,0
Lakeview Terrace,94,0,0,94
The Grudge 2,0,0,0,0
Nerve,72,79,0,151
Man of the Year,0,88,0,88
Risen,0,0,0,0
Vampires Suck,0,0,0,0
The American,267,0,0,267
A Very Harold & Kumar 3D Christmas,0,88,0,88
Eternal Sunshine of the Spotless Mind,113,0,0,113
Texas Chainsaw 3D,0,0,0,0
Babel,278,78,0,356
This is Where I Leave You,138,0,0,138
Doubt,124,57,86,267
Team America: World Police,0,0,0,0
Scary Movie V,0,0,0,0
She's Out of My League,0,0,63,63
Milk,74,68,2,144
The Debt,108,190,0,298
Ghost Ship,0,0,0,0
Daybreakers,0,0,0,0
The Bank Job,37,0,0,37
The Stepfather,0,0,0,0
High Fidelity,0,0,0,0
Stick It,0,63,0,63
One Missed Call,0,0,0,0
Street Kings,136,0,0,136
The World's End,131,34,97,262
You Again,103,0,53,156
Nancy Drew,0,0,81,81
Alpha and Omega,0,0,64,64
On the Basis of Sex,160,34,0,194
Endless Love,0,102,0,102
The Covenant,33,0,0,33
Monte Carlo,0,0,0,0
Stay Alive,0,0,20,20
2 For the Money,50,111,0,161
Rough Night,374,85,0,459
Shorts,28,0,0,28
Appaloosa,0,22,0,22
Secret in Their Eyes,57,0,58,115
Yu-Gi-Oh,0,0,0,0
Reign Over Me,251,141,0,392
My Best Friend's Girl,60,6,0,66
Georgia Rule,70,127,0,197
Into the Wild,0,308,0,308
Pooh's Heffalump Movie,0,0,0,0
School for Scoundrels,50,5,0,55
Operation Finale,100,0,0,100
Silent Hill: Revelation 3D,0,0,0,0
The Zookeeper’s Wife,51,0,0,51
Fired Up,0,0,0,0
Kung Fu Hustle,0,0,0,0
The Country Bears,215,0,0,215
Flatliners,0,99,0,99
Dead Silence,0,0,0,0
21 Grams,0,0,85,85
Armored,26,60,55,141
The Kite Runner,0,0,0,0
Paparazzi,0,0,0,0
A Guy Thing,15,0,0,15
Loser,0,0,0,0
Capitalism: A Love Story,0,0,0,0
Lockout,0,0,0,0
Disaster Movie,0,0,0,0
What's Your Number?,21,14,0,35
Crank 2: High Voltage,80,0,0,80
Burnt,306,88,28,422
Envy,83,117,94,294
One Night with the King,0,0,0,0
Ghost Town,0,43,82,125
The Quiet American,0,255,0,255
Triple 9,0,57,50,107
The Light Between Oceans,98,67,88,253
The Weather Man,155,0,0,155
Undisputed,18,0,0,18
12 Rounds,0,0,0,0
Let Me In,0,0,0,0
Be Kind Rewind,123,0,0,123
Mrs. Henderson Presents,0,0,0,0
Death Sentence,0,0,33,33
Popstar: Never Stop Never Stopping,0,0,0,0
Thank You for Your Service,64,0,0,64
Everybody's Fine,85,134,0,219
Where’d You Go Bernadette,202,0,0,202
Superbabies: Baby Geniuses 2,0,0,0,0
Battle of the Year,97,0,0,97
Ratchet and Clank,0,0,0,0
The Man,122,85,0,207
Code Name: The Cleaner,24,0,0,24
Inherent Vice,0,126,141,267
Connie and Carla,92,0,59,151
Machete Kills,0,0,27,27
Doogal,0,0,0,0
Proof,9,188,0,197
An American Carol,0,0,0,0
Willard,0,0,0,0
Strange Wilderness,0,0,0,0
Little Boy,0,0,0,0
Chasing Mavericks,0,175,28,203
A Most Violent Year,0,93,0,93
A Dangerous Method,83,0,0,83
A Scanner Darkly,366,0,0,366
Bandslam,0,81,0,81
Alone in the Dark,0,0,0,0
Birth,285,0,0,285
Hands of Stone,0,0,140,140
Tolkien,0,0,0,0
Passchendaele,0,0,0,0
Flash of Genius,43,0,0,43
I’m Not There,222,139,132,493
The Cold Light of Day,69,116,0,185
The Brothers Bloom,8,0,36,44
"Synecdoche, New York",57,0,0,57
Suspiria,43,90,0,133
LBJ,73,0,0,73
Bon Voyage,0,0,0,0
My All-American,58,0,0,58
The Proposition,0,0,0,0
Marci X,29,0,0,29
Equilibrium,9,0,0,9
Dylan Dog: Dead of Night,0,76,0,76
The Oogieloves in the BIG Balloon Adventure,0,0,0,0
The Children of Huang Shi,0,0,24,24
The Yards,0,0,0,0
Middle Men,0,0,0,0
Jìyì dàsh?,0,0,0,0
All Good Things,41,0,0,41
By the Sea,152,96,79,327
Steamboy,0,130,36,166
CJ7,0,0,0,0
The Burning Plain,0,0,0,0
People I Know,62,160,0,222
Regression,43,0,0,43
Zambezia,0,0,128,128
Three Kingdoms: Resurrection of the Dragon,0,0,0,0
The Touch,0,0,0,0
Extinction,93,73,0,166
Survivor,70,0,54,124
Der Baader Meinhof Komplex,0,0,0,0
The Shape of Water,0,63,0,63
De rouille et d’os,123,0,0,123
The Painted Veil,0,74,0,74
The Frozen Ground,179,103,12,294
The Devil's Double,96,0,0,96
Scary Movie,0,0,0,0
Bad Teacher,180,35,63,278
Sausage Party,116,0,120,236
Just Married,48,0,0,48
I Can Do Bad All By Myself,9,0,0,9
A Cinderella Story,116,0,0,116
Thirteen Ghosts,0,90,0,90
The Crazies,0,48,0,48
Notorious,0,0,0,0
Nobody’s Fool,39,0,0,39
The Switch,142,67,0,209
Leap Year,239,67,0,306
The Book Thief,0,187,0,187
Gone Baby Gone,88,0,0,88
Thomas and the Magic Railroad,0,0,0,0
Gone,114,0,0,114
Sen to Chihiro no Kamikakushi,0,0,0,0
Sex Drive,0,0,0,0
Take Me Home Tonight,66,21,0,87
Won't Back Down,71,0,0,71
Action Point,35,0,0,35
George Balanchine\'s The Nutcracker,0,0,0,0
George A. Romero's Land of the Dead,0,86,0,86
Indigènes,0,0,0,0
The Amityville Horror,0,0,0,0
Adaptation,253,0,0,253
The Invention of Lying,0,38,69,107
Ne le dis à personne,0,0,0,0
Left Behind,0,0,0,0
Neighbors,120,133,74,327
Borat,0,0,0,0
Legally Blonde,94,0,0,94
Mean Girls,68,0,0,68
The Exorcism of Emily Rose,88,0,0,88
Barbershop 2: Back in Business,48,44,44,136
The Family Stone,0,0,0,0
Bad Santa,48,0,0,48
My Big Fat Greek Wedding 2,0,0,0,0
The Perfect Guy,4,33,4,41
Diary of a Wimpy Kid: Rodrick Rules,0,0,0,0
Prom Night,99,0,0,99
Soul Surfer,45,132,0,177
Under the Tuscan Sun,194,0,0,194
Uncle Drew,0,0,0,0
Birdman or (The Unexpected Virtue of Ignorance),0,206,4,210
Gosford Park,0,55,0,55
Orange County,0,44,0,44
Blue Jasmine,83,10,0,93
United 93,0,0,0,0
Honey,0,0,0,0
The Fog,79,0,0,79
Ricki and the Flash,137,37,0,174
The Art of Racing in the Rain,63,0,0,63
Love the Coopers,0,0,199,199
Observe and Report,114,97,4,215
Love Happens,161,42,0,203
Fame,0,0,0,0
The Circle,0,179,100,279
127 Hours,38,0,0,38
Small Time Crooks,0,0,0,0
Center Stage,0,0,0,0
Norm of the North,0,82,82,164
Catch That Kid,0,0,0,0
Jobs,199,0,0,199
Life as a House,0,92,127,219
Youth in Revolt,79,0,0,79
And So It Goes,37,0,0,37
"I Love You, Beth Cooper",0,0,0,0
The Tailor of Panama,163,0,44,207
Labor Day,42,126,0,168
Getaway,21,0,0,21
Being Julia,28,0,0,28
The Last Station,46,141,14,201
Mongol,0,0,0,0
RocknRolla,157,0,0,157
Mao's Last Dancer,0,0,0,0
The Railway Man,18,0,0,18
Midnight Special,92,176,0,268
Miss Sloane,53,83,0,136
Metallica Through the Never,38,0,0,38
Anything Else,0,87,0,87
T2: Trainspotting,0,0,0,0
Das Weisse Band: Eine deutsche Kindergeschichte,0,0,0,0
Phantom,0,0,0,0
The Salton Sea,0,0,0,0
Carlos,0,0,0,0
Renaissance,0,0,0,0
My Spy,0,0,0,0
Baekdusan,0,25,0,25
Red Lights,0,191,0,191
Superbad,0,0,0,0
Madea Goes To Jail,9,0,0,9
Step Up 2 the Streets,1,0,0,1
Hoodwinked,63,41,0,104
Hotel Rwanda,0,0,0,0
Beerfest,0,0,0,0
Black Nativity,0,0,0,0
Hotel Mumbai,41,0,10,51
A Quiet Place,108,0,0,108
The Others,122,0,0,122
Let’s Be Cops,0,0,0,0
Sideways,22,0,0,22
The Best Man Holiday,0,0,0,0
Friday the 13th,0,0,0,0
Pitch Perfect,61,0,0,61
Evil Dead,0,0,0,0
Jet Li's Hero,18,0,0,18
Saw 3D,77,20,20,117
"McFarland, USA",42,67,0,109
Harriet,3,63,75,141
Almost Christmas,0,0,0,0
The Hills Have Eyes,0,0,0,0
Crawl,63,0,0,63
40 Days and 40 Nights,167,0,0,167
Good Boy!,0,0,0,0
Smokin' Aces,0,56,0,56
Beastly,0,81,0,81
Brooklyn's Finest,28,85,0,113
Lottery Ticket,0,0,0,0
Dickie Roberts: Former Child Star,10,0,0,10
ATL,0,0,0,0
Summer Catch,49,0,0,49
Larry the Cable Guy: Health Inspector,0,36,0,36
They,0,0,0,0
My Life in Ruins,0,0,0,0
American Dreamz,88,143,0,231
How She Move,0,0,0,0
Running Scared,86,0,0,86
The Apparition,0,84,0,84
Bobby Jones: Stroke of Genius,0,0,0,0
L'illusionniste,0,0,0,0
Veronica Guerin,48,2,0,50
Genius,83,119,0,202
Nancy Drew and the Hidden Staircase,0,0,0,0
Escobar: Paradise Lost,0,78,0,78
"Mune, le gardien de la lune",86,0,0,86
Chasseurs de dragons,0,0,0,0
The Young Messiah,0,0,0,0
FUR: An Imaginary Portrait of Diane Arbus,249,0,0,249
The Illusionist,74,29,51,154
Becoming Jane,152,0,0,152
House of Sand and Fog,0,0,39,39
Sydney White,1,0,0,1
Le Flic de Belleville,61,0,0,61
Road Trip,0,0,0,0
Moonrise Kingdom,0,0,116,116
The Artist,0,0,0,0
The Unborn,0,0,0,0
The Master of Disguise,0,5,0,5
The Texas Chainsaw Massacre: The Beginning,0,0,0,0
El Laberinto del Fauno,0,0,0,0
The Roommate,0,0,0,0
The Messengers,0,0,0,0
See Spot Run,75,141,0,216
Baby Boy,0,0,0,0
Joe Dirt,0,0,0,0
The Women,0,0,0,0
Hot Fuzz,0,0,53,53
Vicky Cristina Barcelona,0,120,68,188
A Dog’s Journey,174,0,0,174
Stuber,259,0,0,259
Boys and Girls,0,0,0,0
Superfly,0,62,0,62
Remember Me,182,0,0,182
White Oleander,168,118,41,327
Jennifer's Body,96,96,0,192
Drowning Mona,0,0,0,0
How to Deal,0,0,0,0
Soul Plane,0,0,0,0
People Like Us,144,0,48,192
The Cookout,0,0,0,0
Bleed for This,56,58,0,114
Hollywood Ending,0,160,0,160
Duets,0,0,0,0
Things We Lost in the Fire,34,0,0,34
The Homesman,217,48,0,265
Trance,83,0,0,83
The Immigrant,42,0,401,443
The White Countess,70,0,0,70
Bienvenue chez les Ch'tis,0,0,0,0
"Men, Women and Children",0,0,0,0
Teen Spirit,0,0,0,0
Enter the Void,0,0,0,0
Haeundae,0,0,0,0
Hachiko: A Dog’s Story,28,0,0,28
Zulu,43,0,0,43
The Old Man and the Gun,0,1,0,1
Second Act,0,0,0,0
Juwanna Mann,0,0,0,0
La Môme,0,0,0,0
Ararat,0,0,0,0
Slow Burn,0,0,0,0
Madison,0,0,0,0
Far from the Madding Crowd,81,0,0,81
Wasabi,0,0,0,0
Slither,0,63,0,63
The King’s Speech,96,100,65,261
"Crouching Tiger, Hidden Dragon",0,0,0,0
Annabelle: Creation,0,0,0,0
Jackass Presents: Bad Grandpa,0,0,0,0
The Imitation Game,105,8,0,113
10 Cloverfield Lane,133,0,0,133
Mama,45,0,0,45
Diary of a Wimpy Kid,0,0,0,0
Halloween,0,0,0,0
The Queen,43,0,0,43
Why Did I Get Married?,16,0,0,16
The Woman in Black,297,0,0,297
BlacKkKlansman,0,200,0,200
When a Stranger Calls,0,0,0,0
Big Fat Liar,0,0,0,0
Snitch,214,41,0,255
The Lizzie McGuire Movie,0,0,0,0
Krampus,0,0,53,53
End of Watch,168,123,61,352
Not Another Teen Movie,0,0,0,0
Wild,87,0,0,87
The Theory of Everything,84,0,0,84
Drive,0,0,0,0
The Skulls,0,0,0,0
The Favourite,0,84,0,84
Malibu’s Most Wanted,0,0,0,0
All About Steve,88,0,0,88
Where the Heart Is,0,0,0,0
Halloween 2,0,28,0,28
The Last House on the Left,0,0,0,0
Because of Winn-Dixie,0,0,0,0
The Wedding Date,0,0,0,0
Halloween: Resurrection,0,0,0,0
The Great Debaters,259,0,0,259
When the Game Stands Tall,0,0,0,0
Confessions of a Teenage Drama Queen,68,0,0,68
28 Weeks Later,0,0,0,0
Love & Basketball,0,0,0,0
Home Again,0,0,0,0
Book of Shadows: Blair Witch 2,0,0,0,0
Ramona and Beezus,0,0,0,0
The November Man,0,0,0,0
Match Point,53,0,0,53
Urban Legends: Final Cut,0,0,0,0
The Place Beyond the Pines,78,340,0,418
Flicka,21,18,0,39
The Hills Have Eyes II,0,0,0,0
Keanu,0,0,0,0
Country Strong,0,93,0,93
Tuck Everlasting,0,0,0,0
The Marine,0,0,0,0
A Most Wanted Man,0,170,28,198
The Hurt Locker,0,0,0,0
Eye of the Beholder,0,0,0,0
The Man with the Iron Fists,128,0,0,128
Miss Bala,31,0,0,31
Killing Them Softly,121,0,0,121
Freddy Got Fingered,0,0,0,0
One Day,227,55,0,282
De-Lovely,0,54,0,54
Whip It,78,62,0,140
The Pirates Who Don't Do Anything: A VeggieTale…,0,0,0,0
U2 3D,0,0,0,0
Highlander: Endgame,0,0,0,0
The Founder,45,0,0,45
Idlewild,0,0,0,0
Confidence,30,0,94,124
Blinded by the Light,0,0,0,0
Knockaround Guys,0,0,112,112
Here on Earth,0,0,0,0
Raise Your Voice,116,92,36,244
Black Snake Moan,0,38,0,38
Dark Blue,0,0,0,0
A Mighty Heart,191,0,0,191
Queen of Katwe,0,0,0,0
Whatever it Takes,0,0,0,0
Boat Trip,169,0,0,169
The Importance of Being Earnest,71,0,0,71
Hoot,0,39,0,39
Trumbo,66,0,66,132
In Bruges,74,0,0,74
Promised Land,267,4,7,278
Mulholland Drive,0,0,0,0
Hotel Artemis,0,237,159,396
The Rocker,0,0,0,0
Post Grad,0,0,0,0
Whatever Works,0,0,0,0
The In Crowd,0,0,0,0
Los tres entierros de Melquiades Estrada,96,0,0,96
Se jie,0,0,0,0
The Company Men,149,0,0,149
"Kiss Kiss, Bang Bang",0,67,0,67
Scouts Guide to the Zombie Apocalypse,0,0,0,0
Blood and Chocolate,0,0,0,0
You Will Meet a Tall Dark Stranger,41,8,68,117
Rock the Kasbah,107,0,0,107
Chi-raq,0,0,59,59
Never Let Me Go,155,0,14,169
The Disappointments Room,0,0,0,0
The Company,75,0,0,75
Transsiberian,0,0,0,0
The Comedian,107,74,0,181
Funny Games,1,0,0,1
Banlieue 13,0,0,0,0
Metropolis,0,0,0,0
Cìkè Niè Yinniáng,62,0,0,62
The Reluctant Fundamentalist,0,0,0,0
The Return,0,0,0,0
Buffalo Soldiers,0,0,0,0
Centurion,83,0,0,83
Ong-Bak 2,0,0,0,0
Midnight Meat Train,0,0,0,0
The Son of No One,130,27,0,157
Khumba,0,0,0,0
A Few Best Men,0,0,0,0
Autómata,0,0,54,54
Chiamatemi Francesco - Il papa della gente,0,0,0,0
San suk si gin,131,0,0,131
Roma,0,0,0,0
Dungeons & Dragons 2: The Elemental Might,0,0,0,0
Magic Mike XXL,398,57,57,512
Elle s'appelait Sarah,0,0,0,0
Freedom,0,0,0,0
Manderlay,84,0,48,132
Slumdog Millionaire,0,0,0,0
Stomp the Yard,0,0,0,0
My Bloody Valentine,0,0,0,0
The Possession,0,67,0,67
Breakthrough,0,0,0,0
Tyler Perry's Good Deeds,45,0,0,45
Jojo Rabbit,0,0,245,245
The Iron Lady,131,0,0,131
Jonah: A VeggieTales Movie,0,0,0,0
All About the Benjamins,104,0,0,104
Our Family Wedding,0,66,0,66
An American Haunting,0,0,44,44
My Boss's Daughter,48,87,0,135
A Perfect Getaway,64,0,48,112
Jason X,0,0,0,0
I Think I Love My Wife,79,0,0,79
Hot Tub Time Machine 2,0,44,0,44
After,0,0,0,0
Bobby,67,0,0,67
Head Over Heels,0,49,0,49
Fun Size,0,0,0,0
Le Scaphandre et le Papillon,0,0,0,0
Little Children,84,4,0,88
Gossip,0,0,0,0
Suffragette,81,0,223,304
Catch a Fire,18,66,0,84
Mr. Turner,0,0,0,0
Soul Survivors,0,0,0,0
Easy Virtue,23,0,0,23
Flipped,0,0,0,0
Les herbes folles,0,0,0,0
Margaret,0,202,0,202
The Salvation,43,69,0,112
Reign of Assassins,0,0,0,0
Brokeback Mountain,0,0,0,0
Super Troopers 2,0,0,0,0
Far From Heaven,98,108,0,206
Seven Psychopaths,84,41,0,125
Quills,0,0,0,0
Der Untergang,0,0,0,0
The Caveman's Valentine,275,0,0,275
Under the Skin,138,0,0,138
Mar adentro,0,0,0,0
No Good Deed,33,262,0,295
Black Swan,43,0,1,44
Save the Last Dance,0,0,0,0
Justin Bieber: Never Say Never,0,0,115,115
The First Purge,0,0,0,0
Miracles from Heaven,26,0,0,26
Snow Day,0,0,0,0
The Butterfly Effect,0,54,0,54
The Shallows,1,0,0,1
This Christmas,0,0,0,0
About Last Night,33,33,37,103
"Dude, Where's My Car?",0,0,0,0
St. Vincent,4,201,54,259
Earth to Echo,0,0,0,0
The New Guy,0,0,56,56
21 and Over,0,0,0,0
The Mist,14,0,0,14
Ex Machina,33,21,0,54
Two Can Play That Game,0,0,0,0
Eye in the Sky,66,57,0,123
Admission,53,54,0,107
The Perks of Being a Wallflower,111,297,0,408
crazy/beautiful,115,0,0,115
Room,0,0,0,0
Woodlawn,0,0,0,0
Letters from Iwo Jima,95,0,0,95
Män som hatar kvinnor,0,0,0,0
The Astronaut Farmer,18,28,0,46
Bajrangi Bhaijaan,0,0,0,0
Robinson Crusoe,0,0,0,0
Bubble Boy,0,0,0,0
Birthday Girl,227,0,0,227
"Paris, je t'aime",0,0,0,0
Ben is Back,84,0,23,107
Resurrecting the Champ,38,2,0,40
Chloe,23,96,74,193
The Widow of St. Pierre,74,0,0,74
Youth,79,52,88,219
Un Prophète,0,0,0,0
"I Love You, Phillip Morris",101,16,23,140
The Vatican Tapes,0,95,0,95
Find Me Guilty,136,0,0,136
Infamous,0,0,101,101
Attack the Block,0,0,0,0
The Claim,0,0,0,0
The Happy Prince,68,219,0,287
In The Land of Blood and Honey,0,0,0,0
The Killer Inside Me,0,100,101,201
The Call,89,0,48,137
Operation Chromite,159,22,0,181
The Drop,68,172,0,240
The Crocodile Hunter: Collision Course,0,0,0,0
Machete,0,0,85,85
Antwone Fisher,263,0,0,263
The Emperor's Club,92,0,0,92
Sorority Row,52,0,0,52
The Boy in the Striped Pyjamas,0,0,0,0
Conviction,75,0,0,75
Lars and the Real Girl,54,0,0,54
Solitary Man,0,86,41,127
Dancer in the Dark,0,0,0,0
Casino Jack,71,0,0,71
Tae Guik Gi: The Brotherhood of War,0,0,0,0
The Perfect Game,0,0,0,0
The Paperboy,66,9,108,183
Ernest et Celestine,0,0,0,0
A Little Bit of Heaven,65,0,66,131
La Folle Histoire De Max Et Léon,0,0,0,0
Mortadelo y Filemón contra Jimmy el Cachondo,0,0,0,0
The Fault in Our Stars,0,0,0,0
Think Like a Man,20,0,0,20
Heaven is for Real,0,0,0,0
Barbershop,104,0,0,104
Act of Valor,0,0,0,0
Step Up,0,0,0,0
Chronicle,0,0,0,0
Project X,0,0,0,0
"Three Billboards Outside Ebbing, Missouri",0,73,21,94
Lion,46,0,50,96
Overboard,5,0,0,5
Harold & Kumar Escape from Guantanamo Bay,0,39,0,39
Philomena,44,0,0,44
Crossroads,0,0,0,0
Paper Towns,0,0,0,0
Quarantine,0,0,26,26
One Hour Photo,56,62,0,118
The Eye,251,0,0,251
Johnson Family Vacation,44,144,0,188
How High,0,0,0,0
Crank,128,108,0,236
Hell or High Water,159,0,46,205
Frida,119,0,0,119
Katy Perry: Part of Me,0,0,0,0
Top Five,90,0,33,123
Project Almanac,0,0,0,0
47 Meters Down: Uncaged,0,0,0,0
Black and Blue,85,98,27,210
Just Wright,0,0,0,0
The Upside of Anger,0,28,0,28
Aquamarine,0,0,0,0
Nebraska,0,0,0,0
My Baby's Daddy,21,44,0,65
Max Keeble's Big Move,0,0,0,0
Young Adult,0,0,0,0
About Time,0,154,44,198
If Beale Street Could Talk,0,0,0,0
Wish Upon,0,0,76,76
Rachel Getting Married,89,0,0,89
Girl with a Pearl Earring,0,0,0,0
Unforgettable,0,0,0,0
House of Flying Daggers,0,0,0,0
Sorority Boys,0,0,0,0
Marshall,137,79,0,216
Cadillac Records,0,0,0,0
Arbitrage,0,0,0,0
Screwed,0,0,0,0
Running With Scissors,0,28,0,28
For Greater Glory: The True Story of Cristiada,0,0,0,0
For Your Consideration,0,0,0,0
From Justin to Kelly,0,0,0,0
In the Cut,113,0,0,113
Charlie Bartlett,0,36,0,36
Two Lovers,0,93,0,93
La grande bellezza,0,0,0,0
Last Orders,0,0,0,0
Gwoemul,0,0,0,0
The Dangerous Lives of Altar Boys,0,0,0,0
Stoker,0,0,0,0
Married Life,0,0,46,46
2046,0,0,0,0
Kill the Irishman,0,0,0,0
Duma,0,0,0,0
Darling Companion,5,0,0,5
Ondine,14,0,0,14
Welcome to Collinwood,306,0,119,425
Kahlil Gibran's The Prophet,323,83,45,451
Life Before Her Eyes,24,0,0,24
Trade,0,0,0,0
Company Man,0,59,0,59
Nanjing! Nanjing!,0,0,0,0
Woman Walks Ahead,51,0,0,51
Trash,0,0,0,0
1612,0,0,0,0
San cheng ji,0,0,0,0
Tu Xia Chuan Qi,0,0,0,0
Triangle,0,0,0,0
The Dressmaker,0,10,0,10
Gisaengchung,0,0,0,0
Carol,33,0,0,33
Dirty Grandpa,140,72,0,212
St. Trinian’s,0,0,0,0
The Fighter,173,257,239,669
High School Musical 3: Senior Year,0,0,0,0
Jackass: Number Two,57,0,0,57
If I Stay,149,0,0,149
Phone Booth,2,0,0,2
A Walk to Remember,0,0,0,0
Brooklyn,52,0,21,73
The Secret Life of Bees,125,0,0,125
Wind River,197,254,0,451
Woman in Gold,66,76,28,170
"I, Tonya",225,194,68,487
Saw VI,130,0,0,130
Corky Romano,25,0,0,25
Fighting With My Family,448,0,0,448
Quartet,0,0,0,0
Out Cold,0,0,0,0
The Ladies Man,0,0,0,0
Tomcats,90,62,0,152
Inside Llewyn Davis,0,0,66,66
Frailty,82,30,0,112
Kinsey,88,88,0,176
Peeples,12,0,0,12
Boy Erased,0,0,25,25
Sultan,39,0,0,39
Slackers,65,0,0,65
The Gospel of John,0,0,5,5
Vera Drake,0,0,0,0
La piel que habito,0,0,0,0
The Guru,0,43,0,43
La Tortue Rouge,0,0,0,0
Romance and Cigarettes,0,57,166,223
Copying Beethoven,12,93,0,105
Le prénom,0,0,0,0
LOL,95,0,0,95
La famille Bélier,0,0,0,0
Misconduct,24,138,0,162
Saw V,0,0,130,130
Les Intouchables,0,0,0,0
Jindabyne,0,0,0,0
Kabhi Alvida Naa Kehna,0,0,0,0
Darkness,0,0,0,0
In the Land of Women,0,0,0,0
The Blue Butterfly,0,0,0,0
Le Fabuleux destin d'Amélie Poulain,0,0,0,0
PMC: deo beong-keo,22,0,0,22
Housefull,0,0,0,0
September Dawn,0,0,0,0
The Grudge,87,0,36,123
Don’t Breathe,0,30,0,30
Saw III,0,0,0,0
The Purge: Election Year,34,0,0,34
Book Club,0,0,0,0
Bring it On,0,0,0,0
Insidious: The Last Key,0,0,0,0
Saw IV,73,0,0,73
Madea's Family Reunion,7,0,0,7
White Noise,0,0,0,0
Insidious Chapter 3,0,0,0,0
Lady Bird,52,0,0,52
Precious (Based on the Novel Push by Sapphire),0,0,0,0
The Best Exotic Marigold Hotel,9,32,0,41
Hereditary,0,0,0,0
"Love, Simon",3,0,0,3
Jigsaw,0,0,0,0
Jeepers Creepers,0,0,0,0
Recess: School's Out,0,0,0,0
The Boy,0,0,0,0
"Everything, Everything",0,0,0,0
Devil,0,0,0,0
Friday After Next,104,0,0,104
The Second Best Exotic Marigold Hotel,73,44,44,161
How to Be a Latin Lover,0,0,0,0
Nick and Norah's Infinite Playlist,69,0,0,69
Calendar Girls,0,0,0,0
Slender Man,0,0,0,0
The Banger Sisters,0,19,0,19
Snatch,0,0,0,0
Teen Titans Go! To The Movies,0,0,0,0
When the Bough Breaks,4,4,0,8
One Direction: This is Us,0,0,0,0
Swimfan,0,0,0,0
Employee of the Month,57,0,40,97
Sinister 2,0,0,0,0
The Forest,0,0,0,0
The Fourth Kind,64,0,0,64
Sparkle,0,0,0,0
Kevin Hart: What Now?,92,99,2,193
Mud,80,0,0,80
Skyline,0,0,0,0
The Disaster Artist,26,80,0,106
Blair Witch,0,0,0,0
Valentine,47,0,0,47
A Prairie Home Companion,0,24,0,24
Reno 911!: Miami,0,0,0,0
Paranormal Activity: The Ghost Dimension,0,0,0,0
Kit Kittredge: An American Girl,43,0,0,43
Roll Bounce,0,26,0,26
The Good Liar,57,0,0,57
The Perfect Man,144,13,0,157
Kung Pow: Enter the Fist,0,0,0,0
The Birth of a Nation,0,104,0,104
Wrong Turn,56,0,0,56
"The Goods: Live Hard, Sell Hard",4,0,0,4
My Week with Marilyn,0,0,0,0
Big Eyes,126,128,0,254
Broken Flowers,53,0,0,53
Hey Arnold! The Movie,0,0,0,0
Poms,20,0,0,20
The Matador,95,25,0,120
The Gift,0,0,0,0
End of the Spear,0,0,0,0
Get Over It,115,0,0,115
The Legend of Drunken Master,0,0,0,0
The Beguiled,0,63,0,63
The Best of Enemies,63,44,0,107
Sleepover,0,0,0,0
Movie 43,181,24,0,205
Can You Ever Forgive Me?,131,0,0,131
MacGruber,0,0,0,0
Dirty Pretty Things,0,0,0,0
Bad Words,138,0,0,138
While We're Young,140,81,0,221
Over Her Dead Body,0,0,0,0
Bones,0,0,0,0
Seeking a Friend for the End of the World,129,0,0,129
Turistas,0,0,0,0
Shut In,27,0,0,27
Cedar Rapids,91,49,0,140
The Collection,0,0,0,0
Dog Days,0,0,0,0
A.X.L.,0,40,0,40
Teacher's Pet: The Movie,0,0,0,0
Deuces Wild,0,0,0,0
"Run, Fatboy, Run",35,0,0,35
Danny Collins,0,0,26,26
Rescue Dawn,222,0,0,222
Stan & Ollie,0,0,0,0
Black and White,0,0,0,0
Io sono l’amore,61,0,0,61
Jay and Silent Bob Reboot,0,223,0,223
Brian Banks,0,0,0,0
On the Line,0,0,0,0
Gotti,0,0,0,0
"Jeff, Who Lives at Home",92,184,0,276
Denial,88,122,0,210
The Man Who Knew Infinity,46,0,0,46
Max Steel,0,0,67,67
Everybody Wants Some,0,0,8,8
Atlas Shrugged: Part II,0,0,0,0
Rosewater,0,0,0,0
The House of Mirth,0,0,0,0
Peaceful Warrior,0,0,108,108
Bucky Larson: Born to Be a Star,0,0,0,0
Hillsong: Let Hope Rise,0,0,0,0
Bamboozled,0,0,0,0
The Iceman,0,184,93,277
Testament of Youth,33,32,0,65
Free Fire,31,0,34,65
A Better Life,0,0,0,0
Spider,70,0,39,109
Gun Shy,0,0,0,0
Nicholas Nickleby,0,0,5,5
The Joneses,0,17,0,17
Krrish,0,0,0,0
Killer Joe,66,3,0,69
Churchill,0,0,0,0
Cecil B. Demented,0,0,0,0
50 to 1,0,0,0,0
Owning Mahowny,0,0,0,0
The Ten Commandments,0,0,0,0
The Brothers Solomon,0,0,0,0
My Blueberry Nights,0,82,175,257
Coriolanus,198,175,0,373
Parkland,74,0,0,74
Swept Away,0,0,41,41
"War, Inc.",72,0,0,72
Shaolin Soccer,0,0,0,0
The Brown Bunny,0,0,0,0
King of California,26,0,0,26
High Heels and Low Lifes,0,0,0,0
Free Style,81,0,63,144
Severance,0,0,0,0
Joheunnom nabbeunnom isanghannom,0,0,0,0
Motherhood,0,0,0,0
Blonde Ambition,57,0,0,57
The Oxford Murders,0,0,0,0
T-34,0,0,0,0
White Noise 2: The Light,0,0,0,0
Jessabelle,0,0,0,0
American Heist,0,0,52,52
It's a Wonderful Afterlife,0,0,0,0
You Got Served: Beat The World,0,0,0,0
Fifty Dead Men Walking,0,55,0,55
Plastic,0,72,0,72
Friend Request,0,0,0,0
Adventureland,0,88,12,100
Amour,0,0,0,0
Truth,33,94,0,127
The Lost City,91,0,53,144
Next Friday,0,0,0,0
Dangal,20,0,0,20
The Runaways,182,1,0,183
Volver,0,0,0,0
Melancholia,0,0,25,25
Jab Tak Hai Jaan,0,0,0,0
Kites,0,0,0,0
Elle,0,0,0,0
Mine Vaganti,0,0,0,0
Zarafa,0,0,0,0
Split,182,0,0,182
The Texas Chainsaw Massacre,0,0,0,0
The Purge: Anarchy,0,0,0,0
Escape Room,0,0,0,0
The Curse of La Llorona,0,0,0,0
The Strangers,0,0,0,0
Ouija: Origin of Evil,0,0,0,0
Happy Death Day 2U,33,33,0,66
Midsommar,0,0,0,0
Sicko,0,0,0,0
Black or White,42,20,0,62
Down to You,0,0,0,0
Harold & Kumar Go to White Castle,0,0,0,0
The Contender,0,0,0,0
Boiler Room,0,0,0,0
Black Christmas,0,33,60,93
The Edge of Seventeen,45,0,0,45
Jackie,91,25,0,116
Breakin' All the Rules,0,0,2,2
Glee: The 3D Concert Movie,0,0,0,0
Loving,0,176,0,176
The Savages,0,5,0,5
Chasing Papi,0,0,0,0
The Way of the Gun,0,0,0,0
The Sun is Also a Star,0,0,0,0
Hamlet 2,0,0,0,0
Igby Goes Down,0,0,80,80
The Ultimate Gift,0,0,43,43
Beautiful,0,0,0,0
Gracie,28,0,0,28
The Sapphires,0,0,0,0
Greater,0,0,0,0
Destroyer,0,93,0,93
Trust the Man,0,56,0,56
Undiscovered,0,0,0,0
Princess Kaiulani,0,0,0,0
Dheepan,0,0,0,0
Flammen og Citronen,0,0,0,0
Another Day of Life,0,0,0,0
Les gamins,0,0,0,0
Beneath Hill 60,0,0,0,0
Polisse,0,0,0,0
Dofus - Livre 1: Julith,0,0,0,0
Awake,99,161,0,260
Manchester by the Sea,0,88,0,88
Crazy Heart,93,0,74,167
Star Wars: The Clone Wars,0,0,0,0
The DUFF,0,0,0,0
Nightcrawler,82,0,0,82
Dragon Ball Super: Broly,0,0,0,0
Baggage Claim,97,0,8,105
Middle School: The Worst Years of My Life,0,0,0,0
The Namesake,0,0,0,0
All is Lost,0,0,0,0
Club Dread,0,0,0,0
Bright Star,0,62,0,62
Glitter,0,0,0,0
The Rover,99,228,0,327
Silmido,0,0,0,0
Posledniy bogatyr,0,0,0,0
A.C.O.R.N.S.: Operation Crackdown,0,0,0,0
My Name is Khan,0,0,0,0
Namastey London,0,0,0,0
Yeh Jawaani Hai Deewani,0,0,0,0
The Wind That Shakes the Barley,83,0,0,83
The City of Your Final Destination,0,41,0,41
Kurtlar vadisi - Irak,0,0,0,0
Little Miss Sunshine,112,32,25,169
Easy A,41,0,0,41
28 Days Later…,0,0,0,0
You Got Served,0,0,0,0
The Intruder,0,0,0,0
50/50,175,61,61,297
A Walk in the Woods,94,35,40,169
Brown Sugar,88,0,0,88
That Awkward Moment,74,38,0,112
Shutter,0,0,0,0
Akeelah and the Bee,0,0,0,0
Enough Said,0,0,0,0
New in Town,0,0,0,0
Begin Again,8,179,0,187
American Psycho,0,0,0,0
See No Evil,0,0,0,0
The Good Girl,0,0,0,0
"Bon Cop, Bad Cop",0,0,0,0
The Boondock Saints 2: All Saints Day,0,0,0,0
Prom,0,0,0,0
Shadow of the Vampire,0,0,0,0
Me and Earl and the Dying Girl,30,0,29,59
It's Kind of a Funny Story,0,91,53,144
Woman on Top,0,0,0,0
Held Up,0,0,0,0
Morgan,56,0,0,56
Anomalisa,0,51,0,51
Caché,0,0,0,0
Another Year,0,0,0,0
8 femmes,0,0,0,0
Le passé,40,0,0,40
Lean on Pete,0,0,83,83
Made in Dagenham,0,0,0,0
And When Did You Last See Your Father?,0,57,0,57
El Chicano,0,0,0,0
The Secret of Kells,0,0,0,0
Mr. Church,0,0,0,0
Down in the Valley,74,0,0,74
The Singing Detective,0,0,338,338
Ma vie de Courgette,0,0,0,0
Restless,0,0,0,0
Wild Target,32,0,198,230
Pathology,0,0,0,0
Wuthering Heights,0,0,0,0
A Street Cat Named Bob,0,0,0,0
Aloft,0,0,79,79
Fireflies in the Garden,89,0,0,89
Feichang Xingyun,0,0,0,0
"Don Gato, el inicio de la pandilla",0,0,0,0
Imagine Me & You,79,55,0,134
Swimming Pool,0,0,0,0
Dvizhenie Vverkh,0,0,0,0
Loin des hommes,0,0,0,0
(500) Days of Summer,58,0,0,58
Thank You For Smoking,30,0,0,30
Hostel: Part II,0,0,0,0
An Education,0,0,0,0
Extract,4,0,4,8
Narc,0,0,0,0
Shopgirl,163,0,0,163
Men with Brooms,0,0,0,0
Witless Protection,0,0,0,0
The Work and the Glory,0,0,0,0
Albert Nobbs,0,0,37,37
The Neon Demon,0,0,56,56
Masked and Anonymous,0,98,0,98
Borg vs McEnroe,0,60,0,60
Code 46,66,0,0,66
The Bye Bye Man,0,0,0,0
Ta Ra Rum Pum,0,0,0,0
Crash,91,149,0,240
Persepolis,0,0,0,0
Harry Brown,0,0,0,0
Die Welle,0,0,0,0
Juno,0,0,57,57
Magic Mike,130,45,0,175
I Can Only Imagine,0,0,0,0
Five Feet Apart,0,0,0,0
Jumping the Broom,0,0,0,0
My Dog Skip,0,0,0,0
Darkness Falls,0,0,0,0
"Definitely, Maybe",60,34,43,137
"Good Night, and Good Luck",0,146,0,146
Capote,0,0,0,0
The Descent,0,0,0,0
Gifted,291,0,0,291
Kingdom Come,65,0,0,65
Michael Jordan to the MAX,0,0,0,0
Dope,0,52,0,52
BrightBurn,0,0,0,0
The Devil's Rejects,0,0,0,0
Devil's Due,0,0,0,0
Beyond the Lights,0,0,0,0
"House of 1,000 Corpses",0,0,0,0
House of the Dead,0,0,0,0
A Serious Man,0,0,0,0
Get Low,0,0,0,0
A Single Man,153,23,0,176
Cyrus,49,0,92,141
Bride & Prejudice,6,0,0,6
Rabbit-Proof Fence,0,0,0,0
Who's Your Caddy?,0,0,0,0
20th Century Women,0,0,0,0
The Other Side of Heaven,0,0,0,0
Veer-Zaara,0,0,0,0
Redbelt,0,160,0,160
Auto Focus,19,0,66,85
Assassination Nation,0,0,0,0
The Mighty Macs,67,0,0,67
Somewhere,0,0,0,0
We Need to Talk About Kevin,88,0,0,88
Factory Girl,0,0,99,99
The Christmas Candle,0,0,0,0
I Hope They Serve Beer in Hell,0,0,10,10
Mother and Child,8,2,0,10
Freeheld,33,10,79,122
Dom Hemingway,203,0,0,203
Gerry,0,207,0,207
The Heart of Me,0,0,0,0
Snezhnaya koroleva,0,0,0,0
Oddball,0,0,0,0
Z Storm,0,0,0,0
Geroy,0,0,0,0
Twixt,0,0,79,79
House at the End of the Street,83,28,0,111
Incendies,0,0,0,0
Aimée & Jaguar,0,0,0,0
Shade,0,0,0,0
Bran Nue Dae,0,0,0,0
Tropa de Elite,0,0,0,0
Annabelle,0,0,0,0
Hannah Montana and Miley Cyrus: Best of Both Wo…,0,0,0,0
Countdown,0,0,0,0
My Little Pony: The Movie,189,0,18,207
Friends with Money,122,0,0,122
Same Kind of Different as Me,0,58,0,58
Nowhere in Africa,0,0,0,0
Shame,83,0,0,83
Layer Cake,0,0,0,0
The East,0,77,106,183
The Work and the Glory: American Zion,0,0,0,0
The Messenger,0,0,0,0
A Home at the End of the World,161,0,0,161
"Good Bye, Lenin!",0,0,0,0
Personal Shopper,0,0,0,0
Control,0,0,0,0
The Damned United,0,0,0,0
Adopte un veuf,0,0,0,0
Die Fälscher,0,0,0,0
Trener,0,0,0,0
The Peanut Butter Falcon,0,0,167,167
Gomorra,0,0,0,0
Fahrenheit 9/11,0,0,351,351
Breaking In,0,40,0,40
Ready or Not,0,0,0,0
The Brothers,0,0,0,0
The Wrestler,71,0,0,71
Booksmart,0,0,0,0
National Lampoon’s Van Wilder,0,173,0,173
Unplanned,0,0,0,0
Best in Show,0,0,0,0
The Last King of Scotland,0,0,0,0
A Mighty Wind,0,87,0,87
The Prodigy,0,0,0,0
The Possession of Hannah Grace,0,0,0,0
Daddy Day Camp,0,0,0,0
The Words,428,79,100,607
The Lady in the Van,44,0,41,85
Bernie,80,66,66,212
Pollock,0,0,0,0
Dolphins and Whales Tribes of the Ocean 3D,0,0,0,0
City Island,89,0,80,169
Unbroken: Path to Redemption,0,0,0,0
Casa de mi Padre,159,0,0,159
The Guard,0,94,0,94
The Virgin Suicides,0,0,0,0
College,0,0,0,0
La science des rêves,0,0,0,0
Miss March,0,0,0,0
Wish I Was Here,88,88,0,176
Venus,0,0,0,0
Veronica Mars,0,0,0,0
Hedwig and the Angry Inch,0,0,0,0
Shattered Glass,97,0,0,97
The Wackness,0,0,0,0
Novocaine,135,0,0,135
Polytechnique,0,0,0,0
Snow Flower and the Secret Fan,0,0,0,0
Mandy,0,0,0,0
The Business of Strangers,20,0,0,20
Jûsan-nin no shikaku,0,0,0,0
Under sandet,0,0,0,0
Akmareul Boatda (??? ???),0,0,0,0
Deadfall,65,100,0,165
Julia,61,0,0,61
Lucky Break,0,0,0,0
Épouse-moi mon pote,0,0,0,0
Prityazhenie,0,0,0,0
Benji,40,0,0,40
L'auberge espagnole,0,0,0,0
Winter in Wartime,0,0,0,0
Tom yum goong,0,0,0,0
The Inbetweeners,0,0,0,0
Valhalla Rising,0,0,0,0
Bend it Like Beckham,0,0,0,0
Crossover,0,0,0,0
Sunshine State,0,0,0,0
Standing Ovation,0,0,0,0
Khiladi 786,0,0,0,0
[Rec] 2,0,0,0,0
Diary of a Mad Black Woman,0,0,0,0
Don Jon,152,232,46,430
Show Dogs,66,0,0,66
Hell Fest,0,0,0,0
Mambo Italiano,0,0,0,0
Loving Vincent,0,0,0,0
Ghost World,0,0,0,0
Iris,0,43,0,43
Les Choristes,0,0,0,0
Wonderland,0,29,20,49
De battre mon coeur s'est arrêté,0,0,0,0
Haevnen,0,0,0,0
Le Havre,0,0,0,0
El Clan,0,0,0,0
Berlin Syndrome,40,0,0,40
Miss Julie,93,134,0,227
Portrait de la jeune fille en feu,0,0,0,0
Irreversible,0,0,0,0
Não Pare na Pista: A Melhor História de Paulo C…,0,0,0,0
Tao Jie,0,0,0,0
47 Meters Down,0,0,0,0
Rang De Basanti,0,0,0,0
La Vie d'Adèle – Chapitres 1 & 2,0,0,0,0
Hodejegerne,0,0,0,0
The Ten,36,161,0,197
The Girl with all the Gifts,0,0,0,0
Saint Ralph,0,0,0,0
Dum Maaro Dum,0,0,0,0
Rebelles,0,0,0,0
My Big Fat Greek Wedding,0,0,0,0
Get Out,0,0,0,0
Paranormal Activity 3,0,0,0,0
Saw II,31,0,0,31
Insidious Chapter 2,0,81,0,81
Lights Out,39,0,67,106
The Visit,0,26,0,26
Happy Death Day,0,0,0,0
Paranormal Activity 4,0,130,0,130
Ouija,0,0,0,0
MA,86,0,0,86
No se Aceptan Devoluciones,0,0,0,0
The Big Sick,0,0,0,0
Overcomer,0,0,0,0
Monster,56,0,0,56
Paranormal Activity: The Marked Ones,0,0,0,0
Oculus,0,0,0,0
Dallas Buyers Club,80,66,0,146
No Escape,0,0,190,190
The Lazarus Effect,0,0,0,0
Memento,0,0,97,97
Our Idiot Brother,101,8,58,167
The Strangers: Prey at Night,0,0,0,0
Clerks II,0,0,71,71
Billy Elliot,0,0,0,0
The Way Way Back,129,0,0,129
"As Above, So Below",0,0,0,0
God’s Not Dead 2,0,0,0,0
Race,0,102,0,102
Still Alice,33,10,177,220
Apollo 18,0,0,0,0
"Paul, Apostle of Christ",0,0,0,0
Addicted,0,0,0,0
O (Othello),0,0,0,0
Spring Breakers,103,0,0,103
It Comes at Night,95,0,93,188
Y Tu Mamá También,0,0,0,0
Shaun of the Dead,0,0,0,0
The Haunting of Molly Hartley,0,0,0,0
Hillary’s America: The Secret History of the De…,0,0,0,0
Before I Fall,26,0,0,26
Sunshine Cleaning,93,0,43,136
Fifty Shades of Black,0,0,0,0
Not Easily Broken,0,0,0,0
Moms’ Night Out,0,0,0,0
Win Win,0,0,0,0
The Belko Experiment,20,0,0,20
The Perfect Match,0,0,0,0
Digimon: The Movie,0,0,0,0
Saved!,0,0,0,0
Les invasions barbares,0,0,0,0
The Forsaken,0,0,66,66
Jexi,0,0,62,62
Fahrenheit 11/9,0,0,0,0
Sea Rex 3D: Journey to a Prehistoric World,0,0,0,0
Grandma’s Boy,0,73,0,73
Captain Fantastic,0,0,0,0
Made,29,28,0,57
Don’t Let Go,0,44,27,71
La mala educación,0,0,0,0
Moon,0,55,0,55
90 Minutes in Heaven,0,0,0,0
Incarnate,58,0,0,58
Keeping Up with the Steins,0,0,73,73
Bottle Shock,0,0,0,0
My Old Lady,37,0,44,81
Des Hommes et Des Dieux,0,0,0,0
Table 19,74,0,0,74
The Beach Bum,31,0,0,31
Green Room,0,0,0,0
Thoroughbreds,0,0,75,75
The Other Side of the Door,47,0,0,47
Everything Must Go,208,54,0,262
Kill the Messenger,401,35,0,436
Rabbit Hole,165,42,0,207
Jem and the Holograms,0,0,0,0
Paterson,100,0,0,100
The Machinist,50,0,0,50
American Teen,0,0,0,0
Atlas Shrugged: Who Is John Galt?,0,0,0,0
Party Monster,0,0,54,54
The Oh in Ohio,0,36,0,36
Ain't Them Bodies Saints,77,51,14,142
Jimi: All is By My Side,0,84,0,84
"Gandhi, My Father",0,0,0,0
Tucker & Dale vs. Evil,0,0,0,0
Redacted,0,0,0,0
Rudderless,0,0,0,0
Mientras duermes,0,0,0,0
Flying By,0,0,0,0
